   10.529    0.032  1
   11.310    0.033  1
   26.155    0.047  1
   32.238    0.141  1
   69.855    0.299  1
   64.764    0.273  1
   49.594    0.257  1
   49.594    0.262  1
   49.594    0.257  1
   32.940    0.414  1
   92.453    7.060  1
   21.664    0.035  1
   54.870    0.600  1
  139.597   27.463  1
   75.744    1.456  1
   55.754    4.194  1
   55.754    4.594  1
   -4.404    0.104  1
   70.679    6.037  1
   15.643    0.031  1
  110.884    4.151  1
  110.884    3.930  1
   23.050    0.035  1
   88.441    2.679  1
   88.441    2.539  1
  104.325    2.920  1
   51.202    3.461  1
   96.961    1.575  1
   64.796    1.664  1
   58.739    1.860  1
   68.278    2.166  1
   13.142    0.050  1
   17.670    0.541  1
   30.041    0.083  1
   58.858    0.342  1
   58.858    0.328  1
   22.657    0.037  1
   22.478    0.213  1
  114.228    9.012  1
  125.289   40.891  1
  144.595   10.800  1
  142.815   54.708  1
  142.815   57.556  1
  135.449   75.620  1
  135.449   58.287  1
  128.228   48.434  1
  127.989   12.029  1
  151.716   53.661  1
  146.539   52.937  1
  146.539   66.025  1
  141.258   10.472  1
  117.181    9.518  1
  146.539   69.328  1
  146.539   76.530  1
  161.933   69.583  1
  161.933   83.324  1
  147.574   10.175  1
  225.428   56.631  1
  230.846   54.139  1
  225.428   79.976  1
  113.826    1.187  1
  212.598   76.389  1
  237.890   72.393  1
  237.890   91.060  1
  237.890   54.475  1
  164.797   19.626  1
  237.890   57.558  1
  237.890   53.713  1
  253.977   21.469  1
  115.972   15.955  1
   12.493    0.351  1
  250.901   36.914  1
  250.901   54.354  1
  206.915   37.775  1
  169.771   22.356  1
   40.256    0.581  1
   57.557    0.843  1
  136.080   54.525  1
   77.819    2.267  1
   74.024    2.272  1
   27.937    0.942  1
  138.024   21.037  1
  138.024   23.361  1
  126.475    6.835  1
  151.008   17.121  1
  138.024   27.217  1
  156.999   21.461  1
   71.675   15.456  1
  144.548   18.208  1
   88.257   24.559  1
  229.874   36.163  1
  148.728   89.272  1
  225.927   82.604  1
   15.990    0.284  1
  228.060  125.697  1
  228.060   75.637  1
  228.060  147.924  1
  256.135   99.672  1
  256.135  127.280  1
   57.870    3.794  1
  228.060  131.057  1
   75.705    7.100  1
  228.060  107.935  1
  256.135  130.567  1
  173.956   82.967  1
  256.135   93.923  1
  110.679    3.647  1
  146.158   11.045  1
  115.110    3.221  1
  146.422   57.452  1
  121.281    2.683  1
  131.144   40.138  1
  131.144   39.626  1
   13.427    0.193  1
   90.252    2.119  1
  123.436   69.065  1
  102.805   37.866  1
  102.805   39.809  1
  102.805   32.946  1
   15.627    0.067  1
    5.293    0.132  1
   69.894    0.454  1
   16.164    0.040  1
   30.716    0.464  1
   25.327    0.128  1
   65.760    2.537  1
   52.753    1.793  1
   83.861    2.681  1
   82.574    1.824  1
   82.574    1.891  1
   44.241    0.809  1
   44.241    0.824  1
   43.012    1.031  1
   16.570    0.091  1
   40.687    0.813  1
   54.324    0.710  1
   57.621    0.336  1
   11.864    0.041  1
   -0.195    0.112  1
    9.471    0.172  1
  167.694   13.404  1
  155.489   11.853  1
  119.419    4.012  1
  100.199    3.175  1
   87.822    4.607  1
   87.822    5.837  1
   86.776    4.633  1
   97.806    3.464  1
    3.752    0.074  1
    2.945    0.055  1
   49.594    0.257  1
   68.539    5.612  1
  128.228   24.209  1
  136.080   82.853  1
  101.388   18.844  1
  129.824    8.671  1
  256.135  102.009  1
  121.281    2.203  1
   46.681    2.335  1
  203.047   18.175  1
   76.999    2.833  1
   29.390    0.080  1
   55.011    3.721  1
   44.233    2.819  1
  101.388   24.502  1
  114.867   14.173  1
   87.541    7.059  1
   17.415    0.177  1
   66.391    1.899  1
   90.388    0.654  1
  162.364   13.417  1
   97.806    3.616  1
   68.382    0.787  1
   51.202    3.326  1
   43.025    0.538  1
   43.782    0.078  1
   23.127    0.564  1
   28.151    0.160  1
  136.080   54.713  1
    4.505    0.330  1
   83.874    5.727  1
   42.050    1.273  1
   42.742    0.316  1
   37.247    0.637  1
   18.775    0.148  1
   17.549    0.030  1
    4.336    0.111  1
    6.924    0.272  1
    8.963    0.025  2
   23.764    0.059  2
   27.027    0.060  2
   15.843    0.076  2
   18.408    0.194  2
   63.438    0.313  2
   53.552    0.268  2
   36.879    0.272  2
   27.119    0.235  2
    8.060    0.106  2
   64.858    0.457  2
   19.714    0.242  2
   26.285    0.336  2
  131.571   26.452  2
   92.511    8.345  2
  139.597   22.258  2
  136.101   14.063  2
  139.597   15.726  2
  136.101   12.575  2
  139.597   20.521  2
   33.475    1.353  2
   77.648    0.949  2
   75.744    1.188  2
   42.110    2.225  2
   75.744    1.427  2
  136.101   22.507  2
  139.597   30.199  2
  139.597   25.775  2
   75.744    1.449  2
   75.744    1.467  2
   17.695    0.029  2
  130.673    9.707  2
   52.652    2.375  2
   91.243    5.279  2
   77.395    1.833  2
   42.517    4.341  2
   55.754    5.171  2
   32.773    2.367  2
   36.569    2.412  2
  128.052    7.736  2
   86.132    2.443  2
  128.052    6.438  2
   89.261    2.746  2
  124.928    3.831  2
   71.114    2.630  2
  128.052    6.013  2
   23.671    1.488  2
   88.441    3.301  2
   11.445    0.035  2
   70.594    1.745  2
   86.365    1.021  2
   86.365    1.045  2
   70.594    2.055  2
   70.594    2.024  2
   86.365    1.103  2
   49.811    2.578  2
   54.556    2.444  2
   54.556    2.453  2
   54.556    2.106  2
   54.556    2.014  2
   61.761    2.404  2
   53.240    2.111  2
   63.495    1.577  2
   36.936    1.201  2
   26.629    0.666  2
   62.788    1.597  2
   46.940    1.495  2
   28.271    1.017  2
   77.866    1.226  2
   37.459    0.728  2
   70.161    0.929  2
   12.006    0.127  2
   53.789    0.608  2
   19.053    0.459  2
    9.689    0.162  2
   11.297    0.144  2
   50.390    0.383  2
   23.047    0.378  2
   35.045    0.106  2
   23.047    0.388  2
   32.026    0.107  2
   58.858    0.337  2
   58.858    0.351  2
   37.960    0.107  2
   42.879    0.291  2
   14.741    0.124  2
   22.345    0.124  2
   33.154    0.104  2
   41.161    0.640  2
   52.678    0.836  2
   29.891    1.586  2
   59.457    2.101  2
   33.582    2.101  2
   53.121    2.119  2
   44.932    1.318  2
   44.932    1.234  2
   53.121    2.107  2
   38.477    2.739  2
   25.655    0.665  2
   37.808    2.502  2
   60.930    2.684  2
   31.829    0.145  2
   42.056    3.617  2
   42.056    3.541  2
   40.365    2.465  2
   57.492    1.968  2
   40.365    2.126  2
   48.994    2.298  2
    3.928    0.287  2
   45.825    2.918  2
   20.579    0.478  2
   46.398    0.414  2
   47.013    3.316  2
   56.062    0.856  2
   62.873    1.580  2
   73.077    1.664  2
   51.167    3.739  2
   46.157    0.708  2
   75.544    2.733  2
   75.544    2.878  2
   55.379    3.701  2
   53.480    4.570  2
   26.995    2.171  2
   58.619    1.370  2
   81.280    2.596  2
   55.620    2.123  2
   25.335    1.233  2
   69.369    2.289  2
   16.148    0.741  2
   45.781    6.182  2
   21.351    0.228  2
   54.516    4.901  2
   63.114    6.711  2
   78.146    2.132  2
   79.143    9.014  2
   22.364    0.646  2
   76.840    6.927  2
    6.957    0.139  2
   70.570    8.478  2
   81.546   12.832  2
   81.546   13.688  2
   81.546   13.662  2
   15.050    1.663  2
   79.143   11.023  2
   68.045    6.851  2
   64.849    2.777  2
   70.570    9.875  2
   49.500    0.089  2
   51.150    0.476  2
   49.500    0.092  2
   79.143    7.270  2
   48.037    1.286  2
   81.546   16.376  2
   90.445    2.917  2
   86.484    6.064  2
   53.612    2.924  2
   54.590    1.982  2
   92.373   11.174  2
   97.660    8.810  2
   62.948    3.451  2
   96.997   10.798  2
   97.660   11.857  2
  106.131    5.766  2
   56.471    0.775  2
   92.373   11.482  2
   43.495    1.447  2
   87.694    9.426  2
   96.997    6.583  2
   72.728    5.572  2
  129.397    5.385  2
   72.307    8.588  2
   76.004    4.603  2
   78.694    7.522  2
  129.207    7.597  2
    2.369    0.198  2
  120.234   10.381  2
   56.899    4.161  2
  129.397    5.794  2
   81.795    7.098  2
  101.901   15.915  2
  129.397    6.252  2
   72.728   10.737  2
   24.676    0.223  2
   56.899    5.838  2
   72.307    5.389  2
   56.899    4.730  2
  135.449   28.483  2
  120.394    8.138  2
  135.449   35.214  2
   15.480    0.211  2
  135.449   32.910  2
  120.394    8.645  2
   61.566    5.190  2
  128.283    8.755  2
  142.815   44.348  2
  120.394    8.634  2
  142.815   40.892  2
   46.319    0.758  2
  138.554    8.387  2
   89.889    4.411  2
  142.815   96.145  2
   35.858    1.962  2
  128.228   41.202  2
   93.852    3.744  2
   58.760    4.640  2
  142.815   87.438  2
   94.814    6.092  2
   94.814    7.036  2
   34.094    1.487  2
   93.852    4.717  2
  110.970    6.813  2
  135.449   97.510  2
  135.449   73.692  2
   21.712    0.183  2
  116.908    9.346  2
  128.228   49.289  2
  151.716   58.288  2
  163.543   29.221  2
   87.523    4.650  2
   51.084    5.143  2
  163.543   21.762  2
   77.397    2.498  2
  116.908   10.692  2
  161.933   70.518  2
   42.164    4.308  2
  146.539   79.135  2
  139.532    8.660  2
  146.539   91.220  2
  117.181    9.405  2
   26.515    1.153  2
  117.181    8.246  2
  117.181    9.045  2
   29.543    0.226  2
  146.539   56.799  2
  127.989    8.268  2
   44.233    2.912  2
   84.561    3.720  2
  147.574    7.441  2
  161.933   49.289  2
  140.279    6.595  2
  161.933   72.943  2
  161.933   76.531  2
   91.703    6.661  2
  146.539   57.102  2
   48.885    4.673  2
  161.933   83.325  2
  145.202   31.314  2
  147.574    9.698  2
  181.568   29.996  2
  131.949   27.581  2
  225.428   49.465  2
  131.949   22.506  2
  230.846   72.944  2
   40.486    5.190  2
  230.846   94.968  2
  230.846   96.268  2
  225.428   68.974  2
  172.624   60.491  2
  230.846   94.730  2
   56.044    4.162  2
  147.500    8.387  2
  172.624   41.856  2
   70.635    2.877  2
  230.846   67.677  2
   55.479    4.388  2
  131.949   14.543  2
  225.428   94.581  2
  225.428   61.207  2
  230.846   89.175  2
  225.428   65.740  2
  225.428   60.459  2
   39.706    1.916  2
  154.821   10.239  2
  117.406   14.993  2
   93.519    4.530  2
  225.428   49.465  2
  143.954    6.186  2
  230.846   58.515  2
  131.949   30.777  2
  225.428   43.098  2
  237.890   79.722  2
  177.667   11.952  2
   23.835    0.242  2
  237.890   53.336  2
  237.890   84.221  2
  253.977   44.699  2
   31.313    3.151  2
   95.813    1.001  2
  237.890   80.655  2
  212.598   43.052  2
  212.598   57.421  2
   34.845    1.110  2
   63.878    3.063  2
  164.797   19.115  2
  164.797   24.551  2
   47.826    3.348  2
  253.977   20.792  2
  164.797   18.190  2
  177.667    9.698  2
   82.821    3.309  2
   88.124    1.790  2
  212.598   37.816  2
  237.890   38.377  2
  203.797   19.923  2
  212.598   28.542  2
   12.787    0.487  2
   21.318    0.307  2
  203.047   18.987  2
  165.274   14.165  2
  118.210    9.736  2
   58.037    2.936  2
  238.394   32.069  2
  250.901   34.416  2
   53.597    2.252  2
  250.901   31.095  2
   46.649    3.025  2
  165.274   14.791  2
   46.649    2.934  2
   27.801    2.385  2
   53.463    2.444  2
  250.901   37.228  2
  161.345   19.570  2
   62.356    2.323  2
   37.565    0.662  2
  238.394   20.169  2
  118.210   11.356  2
  165.274   12.524  2
  232.825   34.186  2
   66.087    1.734  2
   66.046    1.802  2
   70.437    1.017  2
  232.825   31.901  2
   64.956    1.816  2
  250.901   68.353  2
   70.437    1.031  2
  124.941    5.753  2
  206.915   46.207  2
  113.753    5.618  2
  206.915   45.109  2
  146.666   37.775  2
  200.674   32.779  2
   14.321    0.439  2
  146.666   29.058  2
   26.810    0.938  2
  146.666   23.442  2
   97.467    4.903  2
  206.915   43.212  2
  158.869   16.885  2
  146.666   20.053  2
   59.398    1.355  2
  206.915   48.559  2
  158.869   12.651  2
   69.297    1.617  2
  200.674   47.921  2
  136.080   47.343  2
   91.812    5.817  2
  136.080   54.829  2
  131.090   38.867  2
  148.473   39.974  2
   32.733    1.851  2
  153.807   39.550  2
  153.807   43.468  2
  148.473   42.689  2
  136.080   67.775  2
  131.277   21.260  2
  136.080   57.073  2
  148.473   38.268  2
  131.090   45.965  2
  136.080   54.714  2
   79.646    3.034  2
  148.473   24.903  2
  131.090   41.390  2
   99.890    4.217  2
  153.807   43.248  2
  131.090   27.148  2
  148.473   31.708  2
   54.098    0.688  2
   45.855    2.741  2
  136.080   54.525  2
  131.090   39.488  2
   54.098    0.660  2
   62.395    2.713  2
  136.080   49.899  2
   99.890    4.144  2
  129.767   30.797  2
  143.855   16.578  2
  129.767   34.753  2
  109.904   36.219  2
  129.767   32.847  2
   73.290    2.021  2
   48.160    0.628  2
   72.274    2.461  2
   21.421    0.623  2
  109.438    7.351  2
   10.791    0.707  2
   60.382    2.651  2
  109.904   32.499  2
   74.650    2.901  2
   28.542    0.904  2
  101.388   23.117  2
  109.904   28.433  2
  143.855   12.833  2
  101.236    5.486  2
   11.179    0.313  2
  134.421    7.211  2
  109.904   27.175  2
  101.388   20.124  2
  101.236    4.828  2
   47.313    1.228  2
   25.727    0.904  2
   14.734    0.266  2
   78.718    3.781  2
  107.420    7.538  2
    6.128    0.214  2
  102.390    3.361  2
   22.489    0.459  2
   22.489    0.475  2
   77.198    3.692  2
   74.024    2.166  2
   80.020    3.781  2
   82.012    5.441  2
   75.592    3.149  2
   79.683    2.692  2
  100.227    4.028  2
   82.752    4.951  2
   77.699    7.865  2
   77.699    7.598  2
   35.583    1.649  2
   77.699    8.764  2
   81.196    5.715  2
  100.227    4.025  2
   77.699    8.423  2
   69.622    0.523  2
   33.505    2.052  2
   40.652    2.456  2
   85.422    3.086  2
   44.140    2.847  2
    7.840    0.848  2
   92.153    7.595  2
   44.140    2.539  2
   19.984    0.483  2
   79.751    2.607  2
   92.153    9.510  2
  110.612    9.614  2
   69.511    0.500  2
  110.612    8.924  2
   62.054    1.623  2
   97.957    6.483  2
   94.028    4.503  2
  110.612    8.008  2
   94.028    5.034  2
   54.680    2.226  2
   42.590    2.701  2
   37.786    1.106  2
   81.904    4.000  2
   98.415    8.358  2
   65.329    2.332  2
   65.329    2.475  2
   47.228    3.148  2
   74.608    8.861  2
   98.415   11.357  2
   38.185    1.596  2
   84.396    4.394  2
   90.122   10.714  2
   92.806    6.747  2
   74.999    5.499  2
   97.238    9.947  2
   98.415   12.733  2
   24.871    1.753  2
   90.186   10.804  2
   67.603    7.646  2
   90.122    7.197  2
   30.836    2.261  2
  112.873   17.628  2
   33.988    2.599  2
  112.873   20.304  2
   29.159    0.584  2
   21.208    1.094  2
   72.237    2.385  2
   50.980    3.134  2
   96.619    7.144  2
   43.965    1.174  2
  112.873   19.142  2
   76.703    5.180  2
   22.488    0.198  2
  151.008   16.491  2
  156.830   22.239  2
  126.475    8.620  2
   65.122    9.300  2
  151.008   14.037  2
   34.867    2.231  2
  112.418   28.840  2
   81.437    8.244  2
  138.024   21.217  2
  126.475   10.614  2
   85.531   15.099  2
   73.979    6.707  2
   67.832    6.798  2
  156.999   32.416  2
   16.858    0.628  2
   30.501    1.094  2
  156.830   35.141  2
  114.867   19.847  2
  148.728   40.101  2
   88.257   21.037  2
  229.874   36.811  2
   71.675   10.671  2
   79.865    8.927  2
   71.675   14.225  2
  225.927   50.993  2
  148.728   85.177  2
  225.927   57.731  2
  148.728   59.336  2
  229.874   53.928  2
  229.874   37.704  2
   67.832    5.509  2
   67.832    7.886  2
   87.233   24.376  2
  152.154   42.705  2
  152.154   43.032  2
  229.874   43.556  2
  148.728   65.619  2
  152.154   47.426  2
  148.728   24.733  2
  148.728   49.231  2
   88.257   16.513  2
  229.874   63.581  2
  148.728   56.659  2
   43.582    2.330  2
   48.521    5.767  2
  173.956   43.814  2
  137.724   58.381  2
  173.956   50.863  2
  228.060   98.940  2
  228.060  157.675  2
   75.705   13.273  2
  228.060  123.399  2
   41.597    1.360  2
   57.870    4.443  2
  131.169   16.518  2
  228.060  147.925  2
  228.060  136.521  2
  228.060  179.223  2
  173.956   43.033  2
  228.060  200.980  2
  256.135   82.832  2
  228.060  155.660  2
  105.485    6.746  2
  173.956   73.638  2
  115.110    4.549  2
  256.135   81.019  2
  256.135  111.027  2
  137.724   56.660  2
   80.038    4.483  2
   78.602    8.800  2
  228.060  114.336  2
  228.060   54.317  2
   57.870    5.007  2
  173.956   73.544  2
  256.135  131.295  2
  256.135  115.716  2
  256.135  173.975  2
  137.724   37.592  2
   80.125    7.381  2
  228.060   82.682  2
  131.169   21.964  2
   75.705    6.456  2
  173.956   99.452  2
  228.060   64.241  2
  131.144   29.355  2
  146.422   52.404  2
  202.879   78.024  2
  131.144   39.275  2
   26.830    0.134  2
   64.271    6.140  2
   63.225    4.747  2
  146.422   52.642  2
  110.257    8.371  2
  202.879   82.968  2
  146.422   62.075  2
  103.044    1.429  2
  184.689   26.699  2
  202.879   65.145  2
  202.879   54.155  2
   80.125    4.788  2
  116.375   12.372  2
  121.281    2.950  2
   83.544    6.129  2
   46.964    1.437  2
  121.281    2.332  2
   88.674    1.208  2
  146.422   42.273  2
  146.158   13.977  2
  202.879   41.841  2
   71.091    3.475  2
  146.422   35.484  2
  103.607    8.592  2
  106.368   15.360  2
  123.825   21.407  2
  106.368   25.938  2
   33.222    1.267  2
   81.520    6.270  2
  106.198    6.712  2
  123.825   12.963  2
  106.263   17.778  2
  104.277    3.819  2
   63.952    2.271  2
   93.116    1.202  2
   63.952    2.132  2
   50.451    1.526  2
   42.951    2.737  2
   42.951    2.827  2
   58.167    2.521  2
   75.265    4.411  2
   42.951    2.818  2
   28.202    0.502  2
   63.952    1.786  2
   47.298    0.405  2
   75.265    3.411  2
   53.768    2.341  2
   45.300    1.350  2
   56.653    3.770  2
   29.350    0.621  2
   48.302    1.369  2
   37.289    2.336  2
   26.648    0.220  2
   29.004    1.872  2
   45.225    7.069  2
   32.861    1.173  2
   38.047    0.195  2
  110.427   21.502  2
   21.291    0.097  2
  110.427   24.482  2
  108.597   32.946  2
   93.089    3.149  2
  110.427   32.945  2
  110.427   41.563  2
   27.341    0.226  2
  102.805   38.209  2
   71.869   17.236  2
   71.869   25.321  2
  102.805   40.500  2
   71.869    8.963  2
  123.436   26.160  2
  102.805   18.519  2
  102.805   17.486  2
  103.578   10.703  2
   21.343    0.181  2
   61.952    4.188  2
   39.703    3.425  2
   16.495    0.267  2
   23.903    0.249  2
   61.029    2.249  2
   52.355    0.753  2
   53.809    0.195  2
   64.029    0.725  2
   74.434    0.452  2
   12.631    0.055  2
    7.009    0.152  2
   33.997    0.159  2
   72.005    0.401  2
   35.899    0.181  2
   41.554    0.360  2
   37.873    0.131  2
   28.737    0.161  2
   45.188    0.210  2
   24.432    0.101  2
   42.798    0.140  2
   15.622    0.210  2
   14.543    0.461  2
   27.068    0.229  2
   12.764    1.015  2
    9.746    1.320  2
   12.457    1.162  2
   58.033    1.031  2
   21.611    0.587  2
   65.760    2.256  2
   56.672    0.791  2
   65.760    1.837  2
   14.528    1.445  2
   30.943    1.684  2
   82.574    1.793  2
   11.275    0.024  2
   41.083    0.893  2
   62.136    1.334  2
   25.103    0.134  2
   34.323    0.791  2
   21.941    0.485  2
   21.862    0.435  2
   26.589    0.287  2
   26.589    0.289  2
   69.699    0.400  2
   16.607    0.065  2
   87.484    0.408  2
   66.423    0.300  2
   19.791    0.244  2
   24.633    0.522  2
   50.819    0.747  2
   50.819    0.673  2
    6.295    0.417  2
   68.976    1.040  2
   84.227    2.210  2
   52.260    1.875  2
    1.852    0.091  2
  105.113    4.474  2
  120.424    8.592  2
  155.850   21.185  2
  143.092   11.852  2
  143.092   14.976  2
  144.673   17.253  2
  155.489   14.421  2
  144.673   13.417  2
  155.489   13.688  2
  135.884    6.004  2
  119.419    4.325  2
  155.489   17.475  2
  135.884    4.938  2
  100.199    3.360  2
   97.065    3.862  2
  105.602    6.887  2
   97.806    3.862  2
   97.806    4.219  2
   89.177    2.491  2
   68.382    0.900  2
   89.177    2.527  2
   56.147    0.799  2
   98.328    0.767  2
    2.274    0.190  2
   14.417    0.156  2
    4.978    0.043  2
   26.846    0.083  2
  110.884    4.341  2
   58.858    0.352  2
   53.764    0.737  2
   73.111    2.912  2
  126.475    9.485  2
  225.927   38.161  2
   12.789    0.093  2
   11.290    0.099  2
   -5.993    0.185  2
   37.532    0.318  2
   23.295    0.030  2
   11.607    0.071  2
   15.878    0.053  2
   19.053    0.457  2
    8.956    0.064  2
    2.527    0.635  2
   34.733    0.389  2
   33.134    0.164  2
   40.622    0.399  2
   14.179    0.352  2
   48.656    2.349  2
   45.500    0.146  2
   33.799    2.055  2
   12.923    0.112  2
   51.983    2.159  2
   41.149    4.442  2
   -7.864    0.139  2
   45.781    4.147  2
   11.397    0.127  2
   17.922    0.817  2
   18.530    0.445  2
   33.598    1.947  2
    6.690    0.137  2
   54.516    5.014  2
   17.922    0.980  2
   66.161    5.361  2
   93.907   13.663  2
   92.373   11.937  2
   67.180    3.300  2
   33.210    0.166  2
    9.258    0.299  2
   28.151    0.176  2
    9.616    0.157  2
  125.289   31.584  2
    9.847    0.188  2
   51.729    2.207  2
   20.780    0.052  2
    8.179    0.381  2
   19.660    0.225  2
   30.991    0.974  2
   51.466    5.363  2
   10.509    1.044  2
   53.683    4.828  2
   10.485    0.209  2
   83.871    4.831  2
   47.228    4.007  2
   72.183    1.551  2
   41.269    1.011  2
   40.820    0.485  2
  124.594    5.674  2
   48.521    4.838  2
   50.985    2.884  2
   58.908    1.007  2
   35.297    1.236  2
   10.389    0.416  2
   24.788    1.321  2
   90.756    4.310  2
  106.368   10.435  2
    6.569    0.150  2
   78.258    6.509  2
   13.599    0.191  2
   46.936    1.103  2
   43.095    0.727  2
   25.350    0.438  2
   38.522    0.912  2
   44.673    0.400  2
    5.097    0.081  2
    1.272    0.067  2
   20.817    0.808  2
    8.102    0.077  2
   20.956    0.255  2
   22.941    0.439  2
   12.401    0.246  2
   16.308    0.183  2
