   28.939    0.753  2
   43.535    1.460  2
   61.405    2.160  2
   65.728    2.416  2
   56.726    2.308  2
   61.405    2.445  2
   71.273    2.670  2
   73.237    2.790  2
   68.006    2.552  2
   15.323    0.817  2
   64.463    2.415  2
   90.604    1.499  2
   82.637    1.657  2
   97.152    2.039  2
   64.042    2.160  1
   59.729    1.222  1
   62.584    1.977  1
   62.501    1.608  2
   62.467    1.728  1
   87.056    1.437  2
   71.432    1.042  2
   87.277    1.146  2
   51.310    0.941  2
  173.437    3.059  2
   52.641    1.177  2
  193.350    4.026  1
  130.390    3.420  2
  258.621   18.068  1
  180.977    4.809  2
  104.415    1.729  2
  269.481   27.573  1
  249.280   26.626  2
  268.863   35.937  1
  182.803    5.629  1
  154.718    4.234  2
  269.481   47.040  1
  269.236   45.464  1
   54.008    2.963  2
   54.008    3.132  2
  260.196   51.204  2
  109.061    6.116  2
  108.000    1.977  2
  141.877   18.475  2
  237.465   36.558  2
  242.108   27.064  2
  237.465   36.938  2
  212.768   44.244  2
  243.267   47.040  2
  250.416   33.375  1
  243.267   39.905  2
   90.131    6.601  2
  189.565    8.055  1
  129.297    2.167  2
   80.143    7.620  2
  243.370   34.306  1
  243.370   31.964  1
  133.499    2.207  2
   16.588    1.512  2
   13.830    1.314  2
  234.210   14.570  1
  234.210   13.996  1
   39.730    5.051  2
   56.877    4.503  2
   31.730    1.206  2
   20.164    1.105  2
  130.206    2.587  2
  130.206    2.498  2
   48.455    3.265  1
   40.909    2.826  2
   71.292    1.285  2
   30.734    2.399  2
  104.254    2.867  2
  122.502    3.590  2
  144.747    3.555  2
  144.747    3.551  1
   25.107    1.473  2
   43.255    1.907  2
  120.426    3.554  1
  126.333    4.352  2
   36.125    2.670  2
  177.372    4.802  2
  103.612    4.929  2
   67.585    2.253  2
   58.595    1.762  2
   76.885    3.400  2
  173.817    8.672  2
   20.448    1.024  1
   56.905    2.152  2
   61.590    2.282  2
   45.954    3.469  2
   90.063    4.146  2
  117.695    4.304  2
   50.882    4.188  2
  158.901    9.927  2
   67.373    4.277  2
  172.043   12.030  2
  192.428    8.721  2
   79.603    8.338  2
  274.094   35.861  1
  124.020    6.454  2
   82.344    6.837  2
   77.856    4.451  2
  265.276   32.082  1
  192.152   25.551  2
  274.094   56.376  1
  265.276   43.615  1
  264.061   23.548  1
  279.767   38.930  1
  265.605   39.717  1
   71.298    2.266  2
  106.685    3.679  2
  264.061   34.876  1
  209.950   39.718  2
  154.272    9.342  1
  268.972   53.627  1
  268.972   65.202  1
  147.028   13.581  2
   80.022    5.940  2
  147.028   11.462  1
  271.889   49.850  1
  116.449    6.615  2
  147.028   12.267  1
   73.847    5.021  2
   91.310    7.219  2
  199.841   66.460  2
  248.055   29.062  2
  226.636   76.199  2
   93.228    7.791  2
  147.028   13.892  1
   63.804    3.673  2
  241.039  107.978  2
   39.409    2.587  2
   50.762    2.127  2
  270.151   81.172  2
  113.926    6.361  2
  103.037   14.334  2
  218.722  144.787  2
  218.722  114.218  1
  270.151   51.015  1
   89.329    9.653  2
  103.037   11.298  2
  232.207  179.522  1
   61.204    4.880  2
  232.207  186.981  1
  260.288   92.200  1
  250.292   45.718  2
  232.207  154.813  1
  232.207  164.282  2
  232.207  137.364  2
  250.292   44.955  2
  121.026    9.653  2
  260.288   77.977  1
  214.714  152.572  1
  116.388   12.128  2
  260.288   86.404  2
  260.288  102.007  1
  181.409   19.571  1
  214.714   74.159  1
  248.723  144.787  1
   83.113    8.208  2
  250.302   79.696  2
  161.110   11.483  1
   91.979   10.179  2
  232.932  105.121  1
  244.328  104.698  2
   95.126    7.522  2
   69.570    5.260  2
  250.302   53.433  1
  232.932   64.325  1
  185.354   18.514  2
   16.242    0.867  2
  157.714   14.383  2
   38.927    2.350  2
  108.458    4.651  2
  224.090   29.596  2
  217.605   34.195  2
  131.277    3.305  1
   51.917    4.916  2
  111.632    5.036  1
   83.768    4.942  2
   45.598    4.747  2
  180.848   17.444  2
   42.976    4.942  2
   34.399    3.861  2
   37.756    1.759  2
   81.891    5.855  2
   40.108    1.830  2
  123.956   13.476  2
   40.944    4.812  2
   61.267    5.220  2
   76.527    6.012  2
   76.083    5.756  2
   28.582    1.667  2
   29.354    1.700  2
   21.138    2.045  2
