1 7.27e+24 1.32e+51 2.10e+04 4.77e+05 102.3 24.71 0.042 0.267 5.79
2 4.13e+25 7.53e+51 1.19e+05 2.09e+06 57.6 5.00 0.054 0.069 0.55
4 9.64e+24 1.76e+51 2.79e+04 8.56e+05 166.0 38.14 0.032 0.308 6.28
5 1.72e+25 3.14e+51 4.99e+04 4.12e+06 82.6 6.11 0.012 0.019 0.12
6 4.86e+25 8.86e+51 1.41e+05 8.11e+05 23.0 2.03 0.148 0.077 0.68
7 5.53e+24 1.01e+51 1.60e+04 4.87e+04 9.5 2.19 0.247 0.139 3.66
8 6.96e+24 1.27e+51 2.01e+04 1.67e+05 23.1 4.50 0.107 0.124 2.32
9 4.60e+24 8.38e+50 1.33e+04 1.30e+05 24.3 5.49 0.093 0.131 2.79
10 7.94e+24 1.45e+51 2.30e+04 1.61e+05 15.8 2.58 0.125 0.082 1.32
11 4.97e+24 9.06e+50 1.44e+04 4.35e+05 19.0 2.08 0.032 0.017 0.17
12 1.02e+25 1.85e+51 2.94e+04 3.11e+05 44.2 8.70 0.086 0.193 3.57
13 3.98e+24 7.26e+50 1.15e+04 6.30e+04 16.3 4.33 0.155 0.172 4.62
14 5.36e+25 9.77e+51 1.55e+05 1.69e+06 35.7 2.71 0.084 0.058 0.41
15 5.56e+23 1.01e+50 1.61e+03 4.29e+03 6.4 4.10 0.273 0.287 21.61
16 1.10e+25 2.00e+51 3.17e+04 5.38e+05 44.7 6.72 0.056 0.096 1.31
17 3.56e+25 6.49e+51 1.03e+05 2.43e+06 46.2 3.32 0.041 0.035 0.22
18 2.32e+24 4.24e+50 6.72e+03 3.22e+05 38.6 6.99 0.020 0.037 0.58
20 1.39e+24 2.54e+50 4.03e+03 1.73e+06 27.0 1.76 0.002 0.001 0.01
22 1.71e+25 3.11e+51 4.94e+04 1.65e+05 22.3 4.27 0.230 0.252 5.39
24 8.56e+24 1.56e+51 2.48e+04 3.33e+06 37.6 2.08 0.007 0.004 0.02
25 8.87e+24 1.62e+51 2.57e+04 1.55e+05 11.2 1.57 0.142 0.057 0.80
26 1.62e+25 2.95e+51 4.68e+04 1.12e+06 55.2 6.41 0.040 0.066 0.68
28 1.51e+25 2.76e+51 4.38e+04 1.20e+06 62.0 7.35 0.035 0.066 0.70
29 3.51e+25 6.40e+51 1.02e+05 7.22e+06 133.4 9.47 0.014 0.034 0.21
31 3.85e+25 7.02e+51 1.11e+05 1.71e+06 207.9 37.80 0.061 0.592 9.84
32 2.51e+25 4.58e+51 7.27e+04 1.12e+07 178.5 11.77 0.006 0.019 0.11
33 1.59e+25 2.91e+51 4.61e+04 2.61e+05 56.9 13.87 0.150 0.533 13.12
34 1.64e+25 2.99e+51 4.75e+04 5.51e+05 57.7 9.74 0.079 0.198 3.12
35 2.15e+25 3.92e+51 6.22e+04 1.03e+06 117.4 20.70 0.057 0.303 4.86
37 5.17e+25 9.42e+51 1.50e+05 3.53e+06 160.5 17.86 0.041 0.186 1.85
38 1.10e+25 2.00e+51 3.17e+04 9.61e+05 41.8 4.55 0.032 0.037 0.36
40 2.95e+24 5.38e+50 8.54e+03 2.04e+05 39.8 9.18 0.040 0.095 1.96
