  274.748   89.702  1
   25.457    0.220  1
  373.617    0.158  1
  221.611    0.177  1
  221.611    0.178  1
  156.489    0.184  1
  156.489    0.185  1
   24.348    0.452  1
   82.762    0.678  2
  125.225    0.635  1
  125.225    0.641  1
   26.466    1.137  2
  119.956    0.647  1
  124.973    0.660  1
  134.375    0.569  2
  136.882    0.537  1
  179.596    7.597  1
   90.401    1.934  1
   79.233    3.921  1
   40.691    1.645  1
  161.643    1.478  1
  248.008   15.041  1
  203.949   29.255  1
  106.135    3.498  1
  198.060   31.178  1
  218.427   33.507  1
   62.083    0.640  2
  218.427   54.006  1
  196.106   28.492  2
  105.103    3.572  1
  154.074   21.871  2
  248.106  116.325  2
  265.691   90.087  1
   50.085    0.570  2
  228.248   90.680  2
  262.853  114.499  2
  217.941   45.163  2
  234.211  117.644  1
  286.049  141.109  2
   92.187    0.675  2
  196.989   46.319  2
  254.390  187.844  2
  223.503   92.915  2
  236.919  161.453  2
  236.919  145.796  2
  254.390  146.759  2
  311.233   64.979  1
  220.502   56.376  2
  245.653   91.474  2
  119.840    6.897  1
  218.891   72.410  2
  243.850  135.959  2
  266.565  135.206  2
  300.871   54.363  1
  222.439   70.623  2
  245.653  127.587  1
  238.702  132.757  2
  245.653  150.425  1
  229.390   97.321  1
  254.052  128.106  1
  248.111  134.333  2
  198.134   35.427  1
  229.390   85.999  1
  219.193   81.393  1
  259.062  196.278  2
  259.062  208.300  2
  190.238   25.050  2
  263.188  127.563  1
  223.593   67.712  1
   35.462    1.984  2
  248.157  194.012  2
  261.664   81.584  1
   35.462    1.899  2
  259.062  167.648  1
  212.737   67.433  2
  170.213   29.455  2
  229.076  105.533  1
  223.666  107.789  2
  216.903   66.123  2
   20.662    0.760  1
  240.879   65.051  2
  239.119  219.545  1
  238.738  196.247  2
  238.738  141.751  2
  238.738  122.775  2
  222.304  140.201  1
  215.098   87.827  2
  240.060   48.197  2
  138.633   16.600  2
  238.738  140.201  2
  236.740  101.555  2
  222.217   44.390  1
  222.217   40.677  1
  215.658   46.019  1
  213.270   51.495  2
  215.658   48.685  1
  215.658   49.653  1
  199.839  105.509  1
  169.708   41.692  1
  169.708   42.452  1
  216.507   40.438  1
  213.220  174.629  2
  203.795   38.379  1
  223.796   61.605  2
  183.697   87.242  2
  183.450   98.735  2
  118.066   15.797  1
  118.066   15.617  1
  152.083   93.490  2
  180.387   68.061  2
  155.089   73.600  1
  165.152   52.679  1
  155.089   65.610  2
  152.790   42.880  1
  202.482   63.224  1
  135.142   49.561  2
  148.345   27.285  2
  145.375   44.948  2
  113.606   21.872  2
  131.371    3.410  1
  137.546   33.431  1
  111.472   21.788  2
   30.975    1.463  2
  127.320   26.000  2
  106.896   29.756  2
  105.588   26.471  2
  108.652   22.960  2
   91.088   12.085  2
   83.787   16.413  2
   73.332   10.233  2
   31.528    2.043  2
   87.090    1.114  1
   58.467    5.294  2
  174.865    0.627  1
   36.009    1.382  1
   18.494    1.514  2
   85.016    0.691  1
  125.174    0.637  1
   16.325    1.212  2
   62.450    0.803  2
   60.609    0.783  2
   56.222    0.850  1
   54.134    0.946  2
   37.098    0.843  2
   19.842    0.849  2
   16.458    0.810  1
   17.549    0.842  2
   17.549    0.879  2
   80.323    1.149  1
   34.121    0.879  2
   49.411    1.099  2
   24.690    0.979  2
  134.218    1.443  1
  125.308    2.636  1
  163.819    2.816  2
  222.486    2.558  2
   56.087    4.091  2
   56.087    4.055  2
  249.431    2.602  2
  194.737    7.378  1
  236.169    8.558  1
  291.913    4.854  1
  129.012    1.506  1
  191.529    1.835  1
  318.110    4.877  1
  326.280    4.278  1
  325.075    4.936  1
  257.690    7.106  1
  322.947    5.007  1
  297.804    5.857  1
  107.236    5.083  2
  107.512    3.453  2
   27.262    1.056  2
   67.792    1.954  2
   48.278    0.983  2
   45.916    0.654  2
   60.681    0.169  2
   69.196    0.145  2
  102.103    2.111  2
   58.418    1.074  2
   84.589    3.208  2
   31.381    1.785  2
  161.933    7.243  1
  142.608    6.354  2
  169.184    6.327  1
  160.914    6.245  2
  168.572    7.206  2
  162.084    6.957  1
  159.960    6.217  2
  169.917    8.789  1
  176.080   11.952  2
  173.695   12.480  2
   97.734    6.221  2
   50.909    1.375  2
  132.284    5.600  2
   70.609    4.748  2
   93.097    3.379  2
   73.214    4.781  2
   75.026    5.454  2
  101.622    3.094  2
  136.779    3.107  2
  116.241    4.037  2
  192.543    3.744  2
  193.808    4.313  1
  114.079    3.207  2
  125.928    3.922  2
  142.198    1.783  2
  108.121    2.370  2
   38.207    2.886  2
  207.547    4.028  2
  141.483    7.917  2
  103.993    7.097  2
  187.576    3.223  1
  145.714    2.608  1
  133.401    1.606  2
   49.882    8.924  2
  194.211   21.928  1
   30.166    4.951  2
  194.795   47.750  1
  227.154   50.118  1
  274.748   70.650  2
  170.972    8.245  2
   60.374   12.857  2
  259.796  142.294  2
  274.748   74.919  1
  230.411   99.910  1
  274.888  130.418  2
  274.748   98.665  2
  230.411  110.627  1
   29.155    6.578  2
   37.046   12.671  2
   44.031   10.149  2
  268.074  115.285  1
  281.295  172.915  2
  127.506   38.683  2
  156.460   42.872  2
   22.172    3.237  2
  260.753  105.698  1
  260.753  110.165  1
  106.597    4.306  2
  267.816   57.514  2
  267.816   67.419  2
   47.349   13.933  2
   65.525   19.892  2
  193.779   42.509  1
  137.292   33.720  2
  171.308   37.388  2
  217.130   57.913  1
  256.384   38.201  2
   64.881   75.311  2
   86.673   29.462  2
   65.953   50.549  2
   62.942   30.330  2
   60.376   38.469  2
   62.942   33.643  2
   64.570   43.611  2
  177.291   75.961  2
   72.816   53.864  2
   74.529   74.338  2
  268.908   52.410  1
   68.071   30.249  2
   77.392   75.795  2
   71.662   28.329  2
   74.529   82.725  2
  148.502   53.824  2
  177.291   62.998  2
  141.323   55.979  2
  172.373   57.763  2
   83.722   57.139  1
   86.558   83.731  2
   88.884  105.281  2
   65.281   36.037  2
   73.386   27.655  2
   76.181   36.045  2
   70.991   69.199  2
   41.479    9.617  2
   81.328   54.682  2
   97.494   90.726  2
   34.520    2.580  2
  247.922   60.472  2
  168.104   73.827  2
  168.104   58.995  2
   97.494   89.237  2
  204.423   59.259  2
   99.181  100.256  1
   97.977   91.302  2
   50.802   17.310  2
   67.434   36.471  2
  243.902   53.458  2
  106.220   91.072  2
   84.334   90.544  2
  106.197   51.878  2
  251.542   21.112  2
   70.508   50.173  2
   71.701   25.850  2
  111.258   57.157  2
   80.798   32.869  2
   80.798   34.188  2
  175.090   12.402  2
   89.686   37.216  2
   34.903    2.207  1
   74.095   76.828  2
   99.787   93.231  2
   86.088  136.448  2
  107.005   42.623  2
   93.072  108.075  2
  112.532   44.390  2
   80.487  147.689  2
   92.114   35.711  2
  109.957   84.485  2
   75.497   84.607  2
   80.487  123.859  2
   92.114   31.272  2
   47.310   11.206  2
   92.953   99.153  2
   59.193   15.490  2
  109.844   49.652  2
   85.374  112.145  2
   97.009   75.019  2
   82.499   89.581  2
   76.199   21.031  2
   48.156    0.706  2
  166.038   32.398  1
   97.529   55.532  2
  166.038   29.724  1
   77.918   63.119  2
   79.381   20.926  2
  164.881   26.255  2
   47.951    3.631  2
   24.781    3.355  2
  125.408   11.015  2
   62.299   17.953  2
   51.537    4.382  2
   52.900    6.978  2
   60.002   16.924  2
  100.602    8.075  2
   71.820   11.013  2
   51.416    4.176  2
   44.863    3.008  2
   35.770    5.578  1
   89.034    5.424  2
   32.905    4.658  2
   83.538    4.988  2
   24.542    3.697  2
   41.903    2.964  2
   34.767    0.880  2
   35.012    2.450  2
   37.755    1.446  2
   24.986    1.255  2
    5.615    0.932  2
   18.267    0.225  2
   32.188    0.241  2
   67.261    0.248  1
  156.686    0.145  1
