   22.297    0.940  2
   37.289    1.609  2
   35.346    1.164  1
   32.394    1.725  2
  141.613    1.007  1
  107.943    1.166  2
   43.273    1.713  2
   59.037    2.886  1
   62.626    2.272  2
   57.621    1.160  2
   32.343    0.588  2
   46.733    2.034  2
   36.352    0.638  2
   66.900    2.842  2
   66.347    2.680  2
   59.166    1.800  1
   58.026    1.335  2
   67.109    1.948  1
   68.820    1.865  2
   67.000    0.738  2
   57.319    1.179  2
   56.545    1.177  1
   70.104    1.163  2
   63.399    1.274  2
   92.072    1.106  2
   39.535    1.405  2
   57.966    1.165  1
   46.691    0.882  2
  109.812    1.851  2
   87.813    1.443  2
   79.843    3.327  2
   34.314    0.863  2
   47.109    1.243  2
   37.464    1.037  2
   70.538    2.280  2
   58.825    1.233  2
  107.807    5.898  2
  113.433    4.810  2
  154.808    6.314  2
  100.933    4.334  1
   27.570    0.659  2
   27.811    0.645  2
  175.362    7.452  2
  123.093    7.043  2
  149.197   13.769  2
   26.738    0.620  2
  179.883   10.465  2
   27.252    0.603  2
  183.930   17.126  1
  244.124   22.972  2
  279.326   37.989  2
  312.990   47.178  2
  343.199   19.418  2
  290.529   48.014  2
  484.376   54.515  2
  418.359  110.088  1
  484.373  111.153  2
  502.716   54.845  2
  453.351  199.905  1
  314.834   27.803  2
  399.715  144.081  2
  339.160   57.177  2
  453.351  239.026  2
  201.398   12.360  2
  367.028   50.993  2
   91.978    5.586  2
  465.897  248.003  1
  422.127  146.372  2
  108.711    7.049  2
  457.186  230.151  1
  367.028   49.385  2
  490.162   73.317  2
  454.983  287.982  1
  120.634    8.617  2
  452.987   36.582  2
  454.983  248.704  2
  359.901   18.050  2
  455.735  196.566  1
  454.983  199.872  1
  455.735  139.043  1
  454.983  170.013  1
  148.283   10.744  2
  464.641  101.512  2
   54.832    3.611  2
  348.207   14.959  2
  227.842   24.854  2
  563.657   45.853  1
  475.615   32.754  2
  194.063   23.876  2
  475.615   28.609  2
  335.396   33.643  2
  374.934   41.521  1
  396.754   41.403  2
  165.012   10.352  2
  564.743   50.086  1
   43.044    3.173  2
  300.973   48.048  2
  527.006   44.187  1
  516.504   49.328  1
  448.370   41.944  1
  512.605   55.948  2
  536.662   61.810  2
  516.404   52.126  2
  123.654   11.061  2
  447.010   81.039  2
  389.368   61.557  1
  345.855   28.066  2
  124.282   16.154  2
  269.239   20.741  2
  430.879   51.304  2
  448.821   82.612  2
  465.651   79.128  1
  452.868   75.582  1
  448.975   86.922  1
  322.278   22.066  2
  553.093   70.493  1
  484.872   72.142  2
  465.893   77.294  1
  403.534   60.254  2
  552.831   83.914  2
  275.938   48.324  2
  462.839  100.000  1
  108.308    9.499  2
  484.959   62.446  2
  391.481   75.568  2
  477.258   89.171  1
  391.481   68.703  1
  469.559   52.439  2
  224.334   15.390  2
  268.783   43.056  2
  452.131  100.664  1
   58.177    8.251  2
  452.131   99.253  2
  540.375   60.330  1
  425.892   60.234  1
  469.053   77.538  2
  527.042   55.346  1
  540.181   96.907  1
   75.673    7.044  2
  472.564   89.910  1
  542.815  100.130  2
  525.733  115.277  1
  459.810   79.034  1
  517.802   95.903  1
  504.921  142.201  1
  138.920   20.590  2
  463.140   75.103  1
  311.853   14.180  2
  456.421   64.143  1
  446.786   77.390  2
  439.095   77.513  1
  464.108   64.024  2
  382.939   79.859  1
  470.199   96.936  1
  437.100   93.086  1
  394.175   48.625  2
  432.490   80.449  1
  441.057   72.288  2
  413.041   35.126  2
  417.120   36.648  2
  404.767  115.801  2
   61.141    6.219  2
   35.419    3.890  2
  414.184   77.748  1
  235.009   10.766  2
  318.104   33.599  2
   33.546    3.629  2
  274.466   52.438  2
  283.256   95.039  1
   34.454    3.613  2
  273.276   59.488  2
  385.229   67.570  1
  295.810   46.357  2
  210.580   22.448  2
  249.070   24.684  1
  366.432   64.130  1
  333.449   67.188  2
  262.570   49.573  2
   71.862    6.242  2
  316.095   34.628  1
  312.556   28.671  2
  316.095   27.051  2
  293.214   57.987  1
  183.309   23.794  2
  285.947   27.380  1
  183.504   23.800  2
   54.303    4.057  2
  145.471   21.314  2
  378.248   25.448  2
   19.570    2.906  2
  362.785   19.778  2
   61.172    8.158  2
  105.763    4.705  2
  121.622   13.331  2
  155.219   11.668  2
  310.220   11.128  2
   86.390    4.588  2
   98.208    5.219  2
  271.536    9.473  1
  196.840   10.170  2
  101.601    7.450  2
   31.979    6.335  2
   63.332    3.079  2
   46.185    0.559  2
   33.084    4.382  2
  158.155    4.537  1
   21.004    3.757  2
  130.801    2.035  2
   60.024    2.003  2
   26.117    0.512  2
   27.297    1.766  2
   56.312    1.401  2
   18.833    1.709  2
   10.786    2.847  2
   15.499    1.948  2
   32.640    2.008  2
   31.182    2.849  2
   85.362    2.060  1
   33.258    2.377  2
   29.618    2.778  1
   31.384    2.494  2
   70.618    2.112  2
  282.075    1.491  2
  135.552    1.851  1
  282.075    1.554  1
   95.143    2.014  2
  215.782   10.915  1
  242.190    1.628  2
  110.656    4.239  2
   85.359    3.337  2
  205.226    9.436  2
  262.951   20.342  1
  256.033   14.564  2
  228.766   12.341  1
  221.993   10.950  2
   96.100    9.435  2
   96.100   10.308  2
  164.392    9.855  2
  291.807   15.838  1
  187.837   10.449  2
  319.451    1.409  2
  120.307    3.452  2
  370.033    1.365  1
   35.904    0.855  2
   74.082    0.854  2
   46.533    0.299  2
   28.722    0.067  2
   86.160    0.066  2
   35.860    0.027  1
   39.008    0.023  1
