   10.963    1.033  2
   35.591    3.035  2
   19.833    1.796  2
   14.660    1.498  2
   35.562    4.388  2
   55.511    3.660  2
   71.886    7.499  2
   71.162   12.006  2
   30.201    1.976  2
   83.603   10.770  1
   63.635    7.576  1
   95.017   18.786  2
   76.271   19.660  2
  194.116    9.908  1
  199.319   13.853  2
  117.082   17.909  1
  117.082   20.517  2
  102.480   25.209  2
  156.137   10.946  2
  115.951   21.637  2
  131.316   13.467  2
   98.603    8.845  2
  155.875   10.535  2
   29.482    0.149  2
  161.588   10.943  2
   92.809    5.209  2
  131.863    3.576  2
   45.435    0.138  2
  131.863    3.296  2
  130.834    3.256  1
   21.743    1.561  2
   35.051    0.129  1
   44.421    0.201  2
  107.962    0.888  2
   87.701    0.741  2
   47.158    0.219  2
   44.986    0.200  2
   18.890    0.274  2
   45.820    1.154  2
   45.824    0.921  2
   21.112    0.191  2
   66.820    0.816  2
   19.793    0.082  2
   54.157    0.273  1
   87.250    0.237  2
   44.928    0.247  2
   21.779    0.264  2
   32.144    0.345  2
   39.485    0.248  1
   36.396    0.255  1
   42.684    0.305  2
   30.372    0.287  2
   37.475    0.717  2
   11.290    0.353  2
    8.404    0.299  1
   51.537    0.332  2
   46.212    0.409  2
   26.735    0.435  2
   -2.964    0.320  2
    4.861    0.379  2
  123.509    0.358  1
   95.673    0.240  2
   85.737    0.389  2
   39.435    0.315  2
   44.388    0.521  2
  101.135    0.245  2
   51.969    0.288  1
   33.115    0.300  1
   41.993    0.273  1
   54.403    0.679  1
   50.653    0.739  2
   17.360    0.300  1
   48.949    0.677  2
   77.770    0.381  2
   28.291    0.315  1
   70.289    0.311  2
   55.011    0.371  2
   27.441    0.500  1
   74.856    0.733  1
   44.328    0.380  2
   75.356    0.619  2
   18.540    0.262  1
   77.446    0.680  2
   75.443    0.761  1
   80.979    0.474  2
   82.243    0.869  1
   44.950    1.476  2
  120.276    1.183  2
   24.174    0.434  2
   54.062    1.873  2
  105.123    0.771  2
   36.729    2.040  1
   29.688    0.633  2
   31.140    0.329  2
   31.140    0.333  2
   32.734    3.075  2
   25.995    1.481  1
   66.963    0.704  2
    7.847    0.299  2
  115.281    0.912  2
   82.658    1.563  2
   48.588    0.341  1
   61.698    0.391  1
   39.948    3.540  2
   27.372    0.316  2
   46.013    1.125  2
   56.546    2.782  2
   44.614    0.244  2
   48.348    3.931  2
  191.483    4.238  2
   56.308    3.824  2
   56.308    3.932  2
  103.171    5.751  1
   58.343    5.502  2
  135.356    6.800  2
   79.135   11.449  2
  120.283    2.569  1
  200.231    7.488  1
  129.871    4.207  2
  144.399   13.385  1
  180.024   11.696  1
   95.180    2.147  2
  265.001   13.644  1
   95.715    2.638  2
  172.530    2.729  1
   97.414    2.748  2
  123.758    4.274  2
   81.049    2.833  2
  238.083   28.775  2
   81.049    3.022  2
  267.544   24.367  2
    9.320    0.172  2
  249.840   16.231  2
  170.768    2.828  2
  160.048    3.815  2
  163.725    3.922  2
  218.725   30.539  1
   67.791   12.331  2
   40.254   12.830  2
  103.540    2.319  2
  131.742   24.516  2
  118.882    5.644  2
   83.396   20.923  1
  131.742   24.374  2
  178.918   23.631  2
   58.115   13.502  2
   70.354    2.968  2
    9.759    0.571  2
   52.592    8.426  2
   69.788    2.868  2
  163.833    4.838  2
  105.726    4.276  2
   65.270    7.883  2
   83.052    2.742  2
   43.208    4.246  2
  101.651    2.945  2
   25.590    0.367  1
   66.866    7.728  2
  179.814    4.994  1
   61.924    4.660  2
  108.073    4.090  2
   62.559    4.001  2
   74.471   13.221  2
   38.951    0.255  2
   66.919    0.658  1
   25.582    0.364  1
  104.244    4.086  2
   69.087    3.124  2
   75.623    6.676  2
  120.011    4.678  2
   67.696    2.258  2
   67.118    2.679  2
   44.854    3.140  2
   16.920    2.872  2
   60.302    2.265  2
   60.479    5.063  2
   41.850    1.374  2
  171.260    2.593  2
   49.708    3.289  2
   26.565    4.362  1
   71.184    2.367  2
    9.596    2.581  2
   47.862    2.430  2
   40.019    1.807  2
   49.458    1.764  2
   19.416    2.663  2
   16.411    3.101  2
   88.289    2.253  2
   35.858    0.547  2
   68.924    1.838  2
   81.588    1.829  2
   18.797    2.352  2
   38.186    2.228  2
   -0.841    0.324  2
   30.506    1.568  2
   46.759    2.219  2
   26.526    1.012  2
   46.093    1.535  2
   87.458    0.423  1
   24.165    0.809  2
   53.116    0.674  1
   33.734    0.999  2
   30.451    1.182  2
   70.661    2.306  2
  -19.322    0.285  1
   43.038    0.925  1
   43.038    0.965  2
   18.288    1.309  2
   88.521    0.622  2
   67.201    1.908  2
   94.523    1.568  2
   44.338    1.366  2
   98.253    0.851  2
   57.890    1.722  2
   91.536    1.595  2
   25.927    0.604  2
   68.593    1.677  2
   74.288    1.924  2
   93.462    1.725  2
    9.569    0.668  1
   39.060    1.914  2
   26.146    0.864  2
   48.265    1.924  2
   48.265    2.143  2
   65.734    1.633  2
   20.861    0.881  2
   46.969    2.200  2
   29.195    0.875  2
   15.851    0.613  1
   51.223    2.127  2
   29.051    2.731  2
   53.401    2.005  2
   49.432    1.246  2
   52.860    2.147  1
   53.296    1.987  2
   16.907    0.869  2
   53.076    0.270  2
   53.979    1.701  2
   64.011    2.354  2
   58.371    1.857  2
   20.787    0.958  2
   69.941    2.654  2
   53.033    2.685  2
   65.307    2.254  2
   91.937    1.994  2
   54.604    2.006  2
   64.662    0.260  1
   97.941    2.423  2
   66.405    0.247  2
   83.052    1.676  2
   66.552    0.248  2
   18.789    0.602  1
   66.430    2.347  2
   49.804    1.902  2
   86.290    2.860  2
   64.849    0.440  2
   51.605    2.983  2
   58.469    0.657  2
  105.311    2.141  2
   17.254    0.369  2
   58.739    1.903  2
   69.021    3.432  2
   67.847    3.598  2
   79.468    3.170  2
   58.481    2.061  2
   86.375    3.148  2
   60.886    1.628  2
   66.001    1.743  2
   72.664    2.047  2
   95.300    3.261  2
   51.601    1.960  2
   34.237    1.087  2
   43.743    0.840  2
   20.204    0.334  1
   67.200    2.425  2
  116.255    2.069  2
   65.104    3.078  2
   80.817    2.025  1
   60.923    5.215  2
   73.496    3.854  2
   67.997    0.247  2
   60.192    5.215  2
   60.232    5.007  2
   44.407    1.614  2
   69.394    1.857  2
   51.916    7.628  2
  101.318    3.434  2
   40.021    0.695  2
   70.097   12.354  2
  145.028    7.725  2
   82.608   14.996  2
   61.678    1.651  2
   49.603    2.519  2
  143.391   10.373  2
   54.552   16.135  2
   38.602    1.548  2
  245.035    6.271  1
   52.256    5.007  2
   50.725    1.857  1
   29.324    0.479  2
   97.074    0.774  2
   85.649   11.781  2
  225.704    4.330  1
   77.373   11.029  2
   61.140   11.502  2
   62.588    6.616  2
  103.083    0.816  2
   84.420   11.216  2
   32.863    1.800  2
    7.547    0.489  2
  170.194    3.047  1
   35.647    2.739  2
   83.406   10.726  2
  305.305    9.573  2
   58.982    0.952  1
   62.793    2.105  2
   52.091    8.523  2
   49.660    2.740  2
  159.822    2.595  2
   65.113    8.435  2
  262.244    5.042  2
   44.940    2.441  2
   36.279    2.210  2
  151.550    2.303  2
   16.812    0.620  2
   48.828    1.132  2
   15.546    1.885  2
   46.207    0.832  2
   61.729    3.322  1
   83.390    0.638  2
   67.279    7.673  2
   34.152    3.289  2
   88.927    6.698  2
   45.980    1.903  2
   60.712    0.815  1
    8.188    0.222  1
   59.725    1.180  2
   41.672    3.158  1
   41.672    3.130  1
   53.762    3.900  2
   41.773    3.853  2
   66.244    3.892  1
   34.361    0.166  2
   45.433    3.534  2
   76.007    1.150  2
   90.314    1.297  2
  109.401    3.405  2
   73.900    2.804  2
   85.282    2.997  2
   93.786    2.510  2
   35.399    2.125  2
   32.049    2.085  2
   90.441    2.368  2
   95.596    3.257  2
  112.455    2.693  2
   86.361    2.013  2
   51.588    1.759  2
   83.293    3.634  2
   81.331    1.148  2
  101.136    4.621  2
   57.774    2.408  2
  109.814    2.496  2
   45.461    0.942  2
   -6.398    0.345  2
  148.592    3.643  2
  145.279    4.304  2
   20.674    1.487  2
  177.801    3.832  1
   18.847    1.038  2
   72.774    1.978  2
   25.768    1.021  2
   54.168    1.035  1
   73.922    2.615  2
  159.125    4.035  2
   36.185    2.243  1
  148.244    3.741  2
   58.910    1.205  2
   27.002    1.893  1
  101.369    1.149  1
   78.372    1.270  1
   48.362    0.942  2
   30.104    1.391  1
   65.564    2.823  2
   -3.071    0.280  1
   54.532    2.099  2
   73.869    1.216  2
   88.220    1.135  1
   58.499    3.258  2
   68.856    1.921  2
   40.306    2.290  2
   37.651    2.678  2
   58.401    1.387  2
   22.245    0.938  1
   69.100    0.684  2
  183.031    3.425  2
  139.586    1.489  1
   90.062    0.991  1
   85.150    0.842  2
   47.558    0.612  2
   37.751    1.194  2
  103.005    2.103  2
   74.447    1.814  2
  150.676    1.499  2
  134.499    1.170  2
  -16.959    0.116  2
   72.646    0.849  1
   -4.975    0.411  2
   17.386    0.500  2
   24.828    0.105  2
  109.821    1.106  2
  142.599    0.392  2
   53.312    0.929  2
   86.790    0.847  2
  108.082    0.239  2
   24.698    0.121  1
  154.987    0.537  2
   53.667    0.769  2
   36.813    0.214  2
   56.171    1.371  2
  217.538    0.492  1
   -4.364    0.306  2
  -12.754    0.279  2
   43.319    1.830  2
   51.804    3.004  1
   51.804    3.377  2
   60.300    4.405  2
   32.646    2.592  1
   32.003    2.486  2
   43.578    1.801  2
   53.454    3.493  2
   54.281    4.420  2
   61.398    4.533  1
   36.117    2.319  2
   50.271    1.754  2
   62.488    0.239  2
  -24.223    0.217  2
  158.038    0.543  2
   57.244    0.156  1
   63.142    4.681  1
   69.820    2.832  1
   59.967    4.263  1
   61.152    3.402  1
   61.152    3.582  1
   63.065    2.118  2
   74.313    0.863  2
   41.713    3.540  2
   54.307    2.595  2
   91.773    2.451  1
   42.836    0.884  2
   37.754    0.844  2
   51.067    0.230  2
   26.196    0.400  1
   32.984    0.119  2
   52.834    0.965  1
   52.834    0.958  2
    7.314    0.311  2
  115.117    2.140  2
  127.042    4.643  2
   60.876    0.646  2
   80.035    1.211  2
  170.582    7.072  2
   30.212    0.511  1
   23.795    0.519  1
   32.139    0.987  2
   32.621    0.971  1
   43.071    0.986  2
  204.952   14.773  2
  181.668   21.679  2
  186.436   14.700  2
  188.075   15.385  2
   52.393    0.966  2
  190.401   16.499  2
  126.265    7.758  2
  205.760   22.317  2
   57.250    1.263  1
  222.166   17.378  2
  199.089   14.697  2
  184.612    3.942  2
   55.675    1.661  2
   38.905    2.346  2
  271.041    6.214  2
   42.437    0.777  2
    9.538    0.875  2
   43.842    0.124  2
    4.901    0.816  2
  109.526   15.458  2
   81.307    2.523  2
  161.800    5.474  1
   43.807    1.397  2
   24.911    0.823  2
   43.859    1.361  1
  159.969    4.914  1
   32.817    3.676  2
  119.345   68.929  1
  130.530   70.024  1
  152.636   83.358  2
  167.326    7.315  2
  151.022   60.468  1
   35.514    0.129  2
  131.336   70.109  2
  171.362   17.518  2
  171.362   16.350  2
   18.390    2.043  2
  185.173   35.286  1
  115.752   13.951  2
  205.316   60.477  2
   27.484    2.307  1
   22.896    2.344  2
  183.108    8.953  2
   32.543    3.839  2
   21.538    0.248  2
  218.654   26.767  1
   66.311    3.674  2
  244.351   59.774  2
  206.356   40.470  2
   67.002    3.966  2
  189.312   28.898  2
  106.998   25.829  2
  152.415   13.614  1
  162.937   37.369  1
  205.286   61.276  2
  276.680   68.438  2
  200.809   18.543  2
  261.277  122.335  2
  183.087    9.780  2
  212.570  101.004  2
  153.320   23.109  2
    9.415    1.466  2
   48.445    0.240  2
  162.035   15.217  2
  166.116   38.171  2
  233.414   67.049  2
  262.059   79.040  2
  208.288   16.341  2
  255.016   45.520  2
  160.706   26.372  2
  260.786  113.589  2
  112.906    8.960  2
  264.929  113.590  2
   66.135    2.791  2
  266.606   58.778  2
  201.139   24.125  2
    0.423    0.699  2
   42.707    4.119  1
   98.826   11.027  2
    8.721    0.778  2
  146.888    3.963  2
   71.899    2.300  2
   78.638    2.300  2
  -11.606    0.189  1
  148.882   11.266  2
   39.592    1.002  1
   12.526    0.507  2
    5.653    0.210  2
  140.504   68.722  2
   83.977    2.250  2
  130.298   54.274  2
  152.515   11.913  2
  232.749   36.387  2
  122.319   60.494  1
  191.989   22.512  2
  124.683   26.788  2
  191.989   22.011  1
  135.043   19.620  1
  109.795    1.431  1
  116.496   16.286  1
  116.496   16.633  2
   98.455    2.846  2
  176.705   28.335  2
  154.772    5.904  2
  113.745   31.851  2
   24.282    0.869  2
   -4.210    0.400  2
  121.876   55.164  2
  121.250  128.428  2
  133.323    5.474  2
  203.539   10.582  2
  110.977  110.810  2
  129.329   22.972  1
  126.749  115.343  2
   96.879   10.477  2
  121.011  110.824  2
  158.593   28.421  1
  115.551   46.869  2
  140.101   21.191  2
  130.741   14.122  2
  156.821   34.041  2
   88.701   10.541  2
    2.315    0.725  2
   71.912    5.711  2
   -1.416    1.687  2
   45.358    1.767  2
   48.089    3.404  2
   44.120    2.360  1
   26.947    1.737  1
   29.064    1.881  2
    0.606    0.414  2
    5.451    0.573  2
   -0.537    1.329  1
   12.800    4.104  2
   56.413    6.799  2
   38.409    4.743  2
   64.893    3.276  2
  -12.039    0.501  2
   55.939    3.638  1
   16.601    0.653  2
   34.702    5.818  2
   -4.098    1.065  2
   38.960    5.818  2
   40.543    3.498  2
   20.663    0.196  2
   -4.647    0.264  2
  -10.463    0.666  2
    0.409    0.176  1
  -12.948    0.161  1
   -1.118    0.269  2
    5.541    0.237  1
   20.989    0.300  1
   -2.035    0.337  2
   -2.185    0.179  2
  -17.258    0.196  2
  -15.723    0.270  2
   47.388    0.118  2
    9.301    0.122  2
    6.233    0.102  1
   -5.857    0.150  2
   -1.962    0.130  1
  -26.072    0.133  2
  159.969    4.914  1
   32.817    3.676  2
  119.345   68.929  1
  130.530   70.024  1
  152.636   83.358  2
  167.326    7.315  2
  151.022   60.468  1
   35.514    0.129  2
   77.401    0.375  3
  131.336   70.109  2
  171.362   17.518  2
  171.362   16.350  2
   18.390    2.043  2
  185.173   35.286  1
  115.752   13.951  2
  205.316   60.477  2
   27.484    2.307  1
   22.896    2.344  2
  183.108    8.953  2
   32.543    3.839  2
   21.538    0.248  2
  218.654   26.767  1
   66.311    3.674  2
  244.351   59.774  2
   33.275    0.243  3
  206.356   40.470  2
   67.002    3.966  2
  189.312   28.898  2
  106.998   25.829  2
  152.415   13.614  1
  162.937   37.369  1
  205.286   61.276  2
  276.680   68.438  2
  200.809   18.543  2
  261.277  122.335  2
  183.087    9.780  2
  212.570  101.004  2
  153.320   23.109  2
  201.675   19.227  3
    9.415    1.466  2
   48.445    0.240  2
  162.035   15.217  2
  166.116   38.171  2
   83.190    7.659  3
  233.414   67.049  2
   18.426    0.258  3
  262.059   79.040  2
  208.288   16.341  2
  255.016   45.520  2
  160.706   26.372  2
  260.786  113.589  2
  112.906    8.960  2
  264.929  113.590  2
   66.135    2.791  2
  266.606   58.778  2
  201.139   24.125  2
    0.423    0.699  2
   42.707    4.119  1
   98.826   11.027  2
    8.721    0.778  2
  146.888    3.963  2
   72.666    2.495  3
   71.899    2.300  2
   78.638    2.300  2
  -11.606    0.189  1
  148.882   11.266  2
   39.592    1.002  1
   12.526    0.507  2
    5.653    0.210  2
   10.525    0.643  3
  140.504   68.722  2
   83.977    2.250  2
   29.573    0.220  3
  130.298   54.274  2
  152.515   11.913  2
  232.749   36.387  2
  122.319   60.494  1
  191.989   22.512  2
  124.683   26.788  2
   13.863    0.404  3
  191.989   22.011  1
   11.622    0.519  3
  135.043   19.620  1
  109.795    1.431  1
  116.496   16.286  1
  116.496   16.633  2
   98.455    2.846  2
  176.705   28.335  2
  154.772    5.904  2
  113.745   31.851  2
   24.282    0.869  2
  198.690   25.196  3
   29.291    0.161  3
   -4.210    0.400  2
  121.876   55.164  2
  121.250  128.428  2
   75.285    4.361  3
  133.323    5.474  2
  203.539   10.582  2
  110.977  110.810  2
  129.329   22.972  1
  126.749  115.343  2
   96.879   10.477  2
   12.422    0.214  3
  121.011  110.824  2
  158.593   28.421  1
  115.551   46.869  2
  140.101   21.191  2
  130.741   14.122  2
  156.821   34.041  2
   88.701   10.541  2
  156.821   31.985  3
    2.315    0.725  2
   71.912    5.711  2
   -1.416    1.687  2
    9.659    0.435  3
   45.358    1.767  2
   48.089    3.404  2
   44.120    2.360  1
   26.947    1.737  1
   29.064    1.881  2
    0.606    0.414  2
   32.664    1.449  3
    5.451    0.573  2
   -0.537    1.329  1
   12.800    4.104  2
   56.413    6.799  2
   38.409    4.743  2
   64.893    3.276  2
  -12.039    0.501  2
   55.939    3.638  1
   16.601    0.653  2
   34.702    5.818  2
   -4.098    1.065  2
   38.960    5.818  2
  -12.784    0.358  3
   40.543    3.498  2
   20.663    0.196  2
   -2.259    0.288  3
   -5.751    1.075  3
   -4.647    0.264  2
   -4.691    0.267  3
  -17.868    0.220  3
  -10.463    0.666  2
    0.409    0.176  1
  -12.948    0.161  1
   -1.118    0.269  2
  -23.933    0.256  3
   -4.020    0.386  3
    5.541    0.237  1
   20.989    0.300  1
   -4.158    0.302  3
    2.836    0.163  3
  -30.302    0.229  3
   -2.035    0.337  2
   -2.185    0.179  2
  -17.258    0.196  2
  -11.231    0.302  3
  -15.723    0.270  2
   47.388    0.118  2
    9.301    0.122  2
    6.233    0.102  1
   -5.857    0.150  2
   -1.962    0.130  1
   -5.724    0.075  3
  -26.072    0.133  2
    3.803    0.053  3
  194.453    3.050  1
  203.959    6.955  1
   82.357   15.548  1
  175.206    8.372  1
  105.982   12.336  1
   11.541    0.246  1
  109.937   13.028  1
  146.952    5.682  1
  231.956   12.312  1
  103.949   13.540  1
   99.531    2.685  1
  120.468    3.286  1
  123.758    4.470  1
  151.006    4.470  1
  152.946    4.756  1
   60.836   13.505  1
   36.541   21.135  1
  212.390    3.536  1
   45.597   15.312  1
   40.254   13.770  1
   70.872   13.025  1
  149.351    8.054  1
   55.823   13.355  1
   41.542   10.796  1
   54.059   10.290  1
  157.831    3.904  1
  185.116    9.451  1
  163.520    9.287  1
   67.916    3.383  1
   53.899    7.735  1
   53.587    7.167  1
   62.226   11.097  1
   37.136    4.072  1
  185.468    4.427  1
   33.223    7.704  1
  141.674    4.645  1
  212.371    5.250  1
  146.777    4.587  1
  135.844    4.007  1
   89.980    3.435  1
   49.719    7.525  1
   55.060    5.902  1
   67.148    4.276  1
   99.536    3.545  1
   53.207    7.290  1
  178.456    5.833  1
   45.649    5.251  1
   63.834    3.990  1
   78.071    0.530  1
   53.070    0.245  1
   52.159    0.281  1
   70.289    4.727  1
   65.205    5.482  1
  158.733    5.533  1
   47.841    3.529  1
   66.374    0.846  1
  124.011    3.218  1
   66.919    0.675  1
   46.612    4.116  1
   31.082    2.655  1
   70.454    4.955  1
  141.430    3.058  1
   34.722    3.161  1
   54.853    3.032  1
  111.905    3.072  1
   98.205    3.646  1
   67.013    3.819  1
  108.829    0.362  1
   99.763    0.324  1
   43.708    2.686  1
   60.741    1.934  1
   95.258    1.197  1
   49.215    0.302  1
   10.368    0.840  1
   45.034    2.432  1
   60.556    0.502  1
   40.462    0.731  1
   69.131    1.637  1
   86.093    1.218  1
   75.609    0.435  1
   94.291    0.422  1
   50.526    1.620  1
   13.105    0.358  1
   67.283    1.084  1
   52.258    2.652  1
   67.606    2.074  1
   49.259    2.223  1
   59.527    2.550  1
   64.329    1.962  1
   60.254    1.642  1
   31.758    0.390  1
   41.996    0.879  1
   85.486    0.188  1
   56.740    2.350  1
   80.341    9.953  1
   47.995    2.152  1
   28.413    1.753  1
    2.074    1.127  1
   31.960    0.060  1
  101.136    4.640  1
   28.346    0.089  1
  181.668   19.269  1
  182.803   20.819  1
    2.859    0.414  1
  199.032   19.284  1
  170.498   24.407  1
  136.633    2.522  1
   -6.459    0.143  1
  171.710    2.733  1
   94.362    3.298  1
   46.527    1.590  1
   -2.049    0.375  1
   -3.540    0.464  1
  259.949    5.976  1
   49.304    7.617  1
   54.767    2.091  1
   64.452    0.350  1
  188.945   10.082  1
   39.879    2.877  1
   76.443   13.308  1
  211.522    4.335  1
  119.109   62.723  1
  110.173    7.548  1
  172.758    5.246  1
  119.345   66.205  1
  103.271   24.516  1
  155.098  101.110  1
  148.475   68.947  1
  167.326    7.121  1
    3.249    0.178  1
  148.475   81.600  1
    1.476    0.900  1
   70.771    0.462  1
  152.636   71.063  1
  131.336   68.939  1
  144.480   44.227  1
   30.614    1.004  1
  199.882   71.061  1
  187.407   45.196  1
  194.206   81.592  1
  172.827    7.968  1
  181.025   75.697  1
  154.846   39.329  1
   -3.541    0.795  1
  154.846   44.404  1
   30.039    1.945  1
  197.067   59.785  1
  183.572   33.534  1
  191.118   49.231  1
  159.644    8.612  1
  197.067   52.783  1
  175.840   36.835  1
  176.645   46.499  1
  173.191   26.156  1
  202.174   38.406  1
  193.396   23.936  1
   81.856   13.329  1
  193.396   29.393  1
  220.117   32.749  1
  194.934   11.721  1
  217.121   36.762  1
  255.665   97.998  1
  209.182   32.894  1
  265.292   71.885  1
   67.002    4.199  1
    1.145    0.704  1
  206.870   10.985  1
  229.795  100.134  1
  190.451   15.221  1
  144.580   20.753  1
  232.900  104.088  1
    1.803    0.658  1
  212.570  100.048  1
  193.915   17.951  1
  276.680   42.800  1
  183.087   10.698  1
  147.174   32.354  1
  214.721  126.887  1
  198.651   73.088  1
  176.439    8.710  1
  182.394   40.463  1
  154.532   44.144  1
   -2.680    0.141  1
   96.732    9.588  1
  198.651   77.227  1
  230.512   86.741  1
  166.452   14.929  1
  182.394   31.970  1
  155.153   45.341  1
  188.779   12.584  1
  214.186   94.124  1
  156.910   18.721  1
  206.333   18.126  1
  159.595   58.280  1
  170.624   46.465  1
  194.682    3.536  1
  233.414   63.762  1
  150.604   16.445  1
  155.141   51.822  1
  257.385   79.040  1
  262.086   82.333  1
  155.141   56.038  1
  244.106   48.231  1
  264.929  104.304  1
   52.581    2.912  1
  204.314   40.129  1
  156.221   26.642  1
  165.505    9.228  1
  264.698  121.455  1
  269.898   78.823  1
  263.837   46.029  1
  239.848   39.689  1
  271.040   44.023  1
  195.453   31.531  1
  112.265    6.556  1
  122.674    0.890  1
  139.382   23.340  1
   23.692    3.351  1
   14.740    0.183  1
   91.119   11.557  1
   28.896    1.647  1
  118.595    5.204  1
  191.822    7.507  1
   15.530    0.816  1
  193.544   13.363  1
   34.344    3.241  1
  143.159    8.597  1
   79.923    3.011  1
   26.370    1.431  1
   43.262    2.328  1
  208.833    3.271  1
  178.304   13.756  1
  143.442    8.774  1
  230.182   15.134  1
  248.738    2.226  1
  242.790   17.932  1
  140.723   24.613  1
  242.790   22.018  1
  140.504   86.424  1
  130.298   57.348  1
  224.856   30.639  1
  177.570   25.128  1
  210.334   28.333  1
  214.017   39.370  1
  216.085   24.160  1
  210.958   25.722  1
  129.108   20.363  1
  103.433   25.844  1
  230.270   10.947  1
  152.924   26.752  1
  126.224   32.200  1
  158.458   10.474  1
  153.211    8.026  1
    4.893    0.880  1
  141.169   44.880  1
   33.112    0.776  1
  156.033   48.040  1
   15.010    0.711  1
  125.299   21.724  1
  125.299   26.224  1
  120.724   31.860  1
  133.343   47.214  1
  121.250  108.961  1
  148.090   26.418  1
  154.069   19.585  1
  121.250  105.139  1
  134.126  122.085  1
  148.090   26.120  1
  144.288   33.592  1
  125.870   22.428  1
   -1.714    0.172  1
  114.044  117.810  1
  165.988   17.543  1
   96.879   11.388  1
   -8.810    0.610  1
  108.042   64.582  1
  157.375   23.015  1
  -10.699    0.410  1
  158.593   26.128  1
   -3.254    0.199  1
  115.551   57.345  1
  175.374   14.879  1
  182.999    7.017  1
   40.983    1.407  1
    5.829    1.027  1
  134.918   54.954  1
  143.834   44.959  1
  158.754   37.668  1
  152.768   14.223  1
  156.821   31.851  1
  113.141    9.991  1
   11.103    0.387  1
   78.676    1.148  1
   28.558    1.542  1
   45.113    1.738  1
    6.052    0.441  1
   54.612    1.009  1
   28.277    0.245  1
   30.597    2.978  1
  -19.690    0.639  1
  -13.007    0.275  1
  117.545    5.916  2
  203.041    8.248  2
  102.208    4.003  2
   86.601   17.472  2
  120.758   16.093  2
   68.052   11.207  2
   82.294   17.489  2
   79.796   12.911  2
   79.796   14.338  2
  279.018   30.673  2
  148.995    3.710  2
  125.680   23.522  2
   55.042   13.381  2
   45.428   12.914  2
   21.558    0.348  2
   49.506   13.931  2
  156.104    4.169  2
   44.046   11.212  2
  171.991    7.061  2
   54.189   12.360  2
   65.370    0.237  2
   46.345   13.046  2
  129.962    5.106  2
  179.228    4.290  2
   54.148    6.234  2
   67.008   14.690  2
  141.024    5.550  2
   33.394    7.742  2
   53.123    0.292  2
   39.574    9.578  2
  171.749    5.608  2
  124.387    4.233  2
  202.635    4.872  2
   58.150    8.782  2
  172.670    5.145  2
  181.489    4.545  2
  213.335    4.418  2
  201.271    5.513  2
  159.887    4.629  2
  146.777    4.236  2
  167.065    3.539  2
  156.750    3.898  2
   19.742    1.015  2
   68.347    4.563  2
   42.437    5.324  2
   24.406    0.121  2
  132.802    3.293  2
   54.431    5.642  2
  134.484    3.708  2
   53.731    5.894  2
  108.460    3.129  2
   69.960    4.523  2
   44.533    3.539  2
   71.543    0.692  2
   55.382    7.522  2
   85.047    6.447  2
  158.733    4.971  2
   68.666    7.470  2
   59.073    0.286  2
   67.888   11.502  2
   38.134    2.655  2
   49.392    0.518  2
   69.280    8.233  2
   52.226    3.945  2
   64.856    8.308  2
   53.066    6.129  2
   78.927    2.839  2
   54.765    0.686  2
   64.394    0.678  2
  179.757    3.141  2
   55.196    3.694  2
  144.419    2.493  2
  117.418    3.505  2
   22.458    0.451  2
