    4.191    0.626  1
    8.999    0.506  1
   62.920   15.277  1
    8.042    0.612  1
   59.463    2.701  1
   75.236    2.095  1
   75.868    3.971  1
   56.581    1.198  1
  101.864    4.934  1
  107.751    5.067  1
   43.174    0.436  1
   29.894    0.799  1
   78.857    0.824  1
   86.238    0.839  1
   25.023    0.576  1
   88.773    1.806  1
   26.045    0.671  1
   82.373    2.050  1
  130.381   18.487  1
  129.412   17.354  1
   98.032   51.184  1
  250.955   35.884  1
   33.091    0.488  1
  309.859   36.208  1
  157.059   33.196  1
  309.859   39.792  1
  309.859   40.552  1
  314.300   32.175  1
   98.984   11.030  1
   92.368    7.597  1
  310.164   29.469  1
   76.945    2.668  1
   80.146   15.356  1
   22.805    1.939  1
   93.975    2.884  1
    6.137    1.387  1
   86.779    6.025  1
   81.358    2.114  1
  114.837    2.813  1
   14.859    1.254  1
   16.675    0.919  1
  158.854    6.401  1
   17.924    0.462  1
   18.462    1.863  1
    3.776    0.417  1
  142.325    9.881  1
   98.137   10.829  1
   22.440    2.411  1
  114.351    5.270  1
   41.243    0.924  1
   20.760    0.436  1
   11.708    1.113  1
   47.192    1.186  1
  120.789    5.511  1
    2.621    0.624  1
   16.524    2.861  1
   55.081    1.277  1
   26.213    0.730  1
   56.946    6.817  1
   60.473    3.387  1
   67.551    0.963  1
   57.629    0.595  1
   34.335    6.687  1
   89.517   14.053  1
   93.637   14.220  1
   93.637   13.297  1
   54.448    1.392  1
   72.658    2.210  1
   74.460    2.388  1
  109.650    7.288  1
   26.996    9.839  1
   49.690    1.438  1
  128.155    7.778  1
   27.966   14.901  1
   38.228   14.982  1
   63.666    1.682  1
   64.948    1.924  1
   65.558    1.644  1
  152.203   41.028  1
   65.880    1.506  1
   90.180    1.583  1
   70.432    9.832  1
  163.160   55.481  1
   70.432    7.971  1
  172.637   50.089  1
   59.309    4.841  1
  138.308   39.541  1
  152.082   73.850  1
  167.710   80.080  1
  133.323    7.510  1
  130.638   29.471  1
  185.346   57.114  1
  113.713   19.677  1
  198.808   52.170  1
   67.835    4.182  1
  147.651   46.049  1
  204.649   54.339  1
   76.998    5.279  1
  219.044   89.995  1
   38.041    0.654  1
  210.790   89.973  1
  210.790   96.035  1
   84.664    7.105  1
  205.140   65.549  1
   77.490    2.803  1
  205.140   57.719  1
   88.621    1.663  1
  178.423   64.104  1
   28.071   94.161  1
  162.232   53.453  1
   28.147   74.123  1
  162.232   31.833  1
  107.091    4.930  1
  166.586   24.037  1
  147.718   26.911  1
  107.982    7.791  1
   58.848    2.537  1
  118.138   33.145  1
  118.958   22.715  1
  147.718   40.734  1
  115.713   13.185  1
   30.884   12.594  1
  129.070    3.748  1
  117.540   21.529  1
  111.542   19.892  1
  133.801    5.237  1
   11.970    0.541  1
  122.551   15.981  1
   60.023    2.699  1
  123.689   14.660  1
  128.059   12.956  1
   51.988  127.319  1
   83.679   11.463  1
   83.679    8.642  1
   18.610   17.448  1
   14.160   17.222  1
   70.005    3.677  1
   19.633   19.549  1
   89.581    1.191  1
   46.299    4.551  1
  143.593    3.566  1
    6.159    9.937  1
  153.240  121.754  1
  116.831   14.197  1
   48.937    1.464  1
   48.937    1.418  1
    6.085   12.862  1
    8.025   40.690  1
    7.924   29.205  1
   76.337    1.928  1
    6.574   15.414  1
   44.564    0.812  1
   29.137   34.171  1
    5.754   16.874  1
   34.944    3.798  1
   19.443   47.243  1
   -6.730    6.106  1
   -6.730    6.046  1
   30.358    2.081  1
   -6.707    1.154  1
   -7.525    1.047  1
   34.471    2.931  1
   18.227    5.044  1
   15.052    0.412  1
   18.874    6.995  1
   18.874    7.085  1
   18.643    6.675  1
   28.216    1.600  1
   12.897    8.113  1
    0.213    2.637  1
  -10.032    2.645  1
  189.806   35.205  1
  262.185   31.336  1
  103.053   14.752  1
  166.885   23.566  1
  166.885   25.091  1
   54.180   29.363  1
   82.928    4.968  1
  105.316   15.386  1
   48.220    3.599  1
   43.136    1.419  1
  152.082   64.595  1
   73.942    5.480  1
  128.059   16.725  1
  132.487    3.609  1
   53.418    0.733  1
  102.233    1.493  1
   32.315    0.961  1
   -6.730    5.887  1
   23.009    0.231  1
  120.428   23.770  1
    6.085   13.294  1
   17.618    1.595  1
   37.313    2.068  1
   82.917    3.157  1
   20.128    0.437  1
   50.944    6.259  1
   11.847    3.252  1
    7.304    7.814  1
   22.462   28.538  1
    0.005    1.332  1
   27.972    0.699  1
   44.240    5.163  1
   34.595    0.373  1
   27.009    0.940  1
   40.434    0.716  1
   36.082    1.093  1
   17.788    5.628  1
  164.401   63.256  1
    8.638    8.389  1
    6.848   12.161  1
   26.398    1.089  1
   25.891    0.348  1
   -4.339    5.390  1
   -9.436    2.801  1
    4.913    0.673  1
    2.767    1.428  2
    6.678    1.651  2
    8.613    1.684  2
    6.962    1.792  2
   24.666    0.159  2
   13.463    2.062  2
   22.580    2.071  2
   21.778    3.051  2
   22.580    2.222  2
   -1.398    2.059  2
   -8.277    1.684  2
   28.585    0.880  2
   25.605    0.473  2
   56.984    5.155  2
    2.018    2.645  2
   61.015   13.411  2
   61.015   12.770  2
   37.343   11.412  2
   51.277    9.599  2
   64.855    6.505  2
   47.622   12.994  2
   62.564   11.467  2
   -1.940    1.524  2
   62.564   11.634  2
   67.929   13.235  2
   58.652    9.914  2
   83.521   11.587  2
   -0.819    1.545  2
   23.069    0.751  2
   83.521    9.248  2
   55.730    5.910  2
   55.730    5.800  2
   72.010    6.599  2
   12.037    3.842  2
   52.257    4.496  2
   83.878    6.915  2
   83.878    6.696  2
   24.963    3.545  2
   86.471    5.796  2
   45.808    3.463  2
   27.875    0.329  2
   59.542    3.732  2
   25.549    0.693  2
   21.327    0.182  2
   21.327    0.182  2
   -7.319    0.460  2
   30.287    0.645  2
   23.510    1.829  2
   61.164    2.712  2
   11.934    0.373  2
   24.117    0.280  2
   24.619    1.847  2
   18.102    0.777  2
   17.337    1.071  2
   18.664    1.439  2
    7.205    0.716  2
   19.516    0.886  2
   11.166    0.436  2
   26.481    0.904  2
   44.841    0.176  2
   21.843    0.941  2
    7.720    0.223  2
   20.285    0.926  2
   18.530    0.943  2
   -1.204    0.571  2
   14.131    1.409  2
    1.319    0.686  2
   30.068    0.149  2
   23.351    0.197  2
    5.413    0.999  2
   11.032    1.832  2
   16.362    0.895  2
   15.222    1.230  2
   43.075    0.220  2
   46.220    0.231  2
   44.970    0.231  2
    9.944    1.161  2
   17.900    0.190  2
   24.982    1.257  2
   22.353    1.717  2
   14.283    0.704  2
   22.951    0.233  2
   10.111    0.971  2
   27.993    1.290  2
   26.614    1.236  2
   72.527    1.326  2
    6.957    0.968  2
   26.974    4.619  2
   34.244    1.166  2
    4.902    2.850  2
   10.496    0.309  2
   26.974    4.572  2
    7.255    3.296  2
   89.300    1.882  2
   34.030    5.883  2
    2.878    1.409  2
    4.694    1.645  2
    7.627    0.839  2
   42.941    5.412  2
   -1.619    0.108  2
  114.015    4.213  2
    7.121    0.342  2
   16.915    1.237  2
   68.202    4.333  2
   26.075    1.898  2
    9.736    0.800  2
   21.367    0.430  2
   75.969    3.845  2
   75.969    3.746  2
    8.161    0.991  2
   50.522    2.243  2
   34.858    2.041  2
   44.026    0.405  2
    7.010    0.437  2
   37.959    0.569  2
   74.230    2.138  2
   52.903    1.737  2
    4.349    1.336  2
   31.938    0.411  2
  101.308    4.589  2
  100.604    4.700  2
  101.864    4.690  2
    6.566    0.712  2
  117.734    4.288  2
   64.662    1.133  2
   88.422    5.515  2
   47.434    1.604  2
  101.115    8.885  2
   73.513    4.527  2
   78.101    8.870  2
   80.464    1.296  2
   17.287    0.360  2
   70.790    1.251  2
   70.790    1.229  2
  102.477    6.176  2
   26.757    1.237  2
  107.551    7.031  2
   54.519    8.150  2
  107.551    6.953  2
  105.766    2.889  2
   98.869    7.334  2
   34.522    0.843  2
   70.407    3.058  2
   32.676    0.886  2
   55.397    1.271  2
   38.355    0.946  2
   13.304    0.293  2
   39.013    0.889  2
   33.634    3.307  2
   52.622    2.024  2
   42.131    0.901  2
   41.701    1.072  2
   66.692    1.245  2
   18.831    0.267  2
   36.875    0.819  2
   36.875    0.839  2
   38.872    0.690  2
   14.979    0.984  2
  117.784    1.947  2
   89.773    1.979  2
   22.306    0.874  2
   59.492    1.164  2
   72.050    1.876  2
   77.371    0.740  2
   65.309    0.846  2
   38.764    1.444  2
   84.450    1.037  2
   20.765    0.077  2
  120.899    3.111  2
   95.098    0.848  2
   33.891    2.053  2
   51.598    2.704  2
  109.350    5.711  2
   88.773    1.796  2
   48.475    2.096  2
   24.587    0.629  2
   35.704    0.893  2
   43.111    2.220  2
   54.116    2.711  2
   62.356    1.180  2
   26.400    1.027  2
   90.557    5.595  2
   39.388    1.028  2
   89.763   10.996  2
   33.972    1.515  2
   40.079    2.854  2
   11.269    0.855  2
  119.021   15.609  2
    4.585    0.641  2
   73.505    8.964  2
  113.667   16.712  2
  146.912   20.208  2
  146.912   24.895  2
   66.209    3.088  2
  133.883   10.123  2
   23.964    0.710  2
  146.912   33.162  2
  170.117   32.142  2
   89.958   22.381  2
   84.357   11.827  2
  123.523   38.065  2
  139.142   45.191  2
  170.117   32.143  2
  139.142   45.756  2
   95.427   31.445  2
  123.523   40.204  2
  169.433   34.039  2
   49.820    7.634  2
  203.168   38.712  2
   95.427   42.816  2
  137.836   16.230  2
   -1.111    0.600  2
   49.273    3.520  2
   96.043   47.810  2
  251.686   40.569  2
   98.032   51.841  2
  176.004   34.690  2
  142.553   44.201  2
   23.212    0.989  2
  183.763   44.852  2
  157.216   45.753  2
   39.072    1.158  2
   91.544   25.100  2
  157.216   39.944  2
  133.766   44.874  2
   28.704    0.460  2
  276.693   40.935  2
  133.766   54.144  2
  157.216   40.041  2
  133.766   31.793  2
  195.120   37.541  2
  133.766   37.538  2
   42.619    2.551  2
  173.837   29.509  2
  173.837   32.195  2
   78.484    6.534  2
  310.164   34.079  2
   92.924   10.278  2
   92.368    8.075  2
  195.120   31.589  2
  173.837   34.073  2
   98.589   18.521  2
  286.403   25.161  2
   34.951    0.350  2
  112.394   21.538  2
  112.394   20.766  2
   23.586    1.003  2
  133.667   10.067  2
   32.327    1.679  2
  107.616   18.668  2
  226.191   15.511  2
   32.327    1.628  2
   13.289    0.912  2
  124.023   21.212  2
   53.338    5.474  2
   89.588   15.100  2
  170.050   13.150  2
  133.435   16.430  2
  130.986   23.953  2
   29.710    0.356  2
  101.434   28.198  2
   83.904    4.608  2
   67.812   10.276  2
  144.659   10.041  2
   23.916    1.019  2
   81.773   19.493  2
   -4.379    1.232  2
   56.105    7.541  2
   87.884   21.730  2
  108.305   21.201  2
   79.047   23.021  2
   74.217    7.978  2
   59.226    7.645  2
   26.440    2.005  2
  108.305   18.394  2
   70.091   16.847  2
   20.476    0.182  2
   71.358   13.186  2
   47.548    1.257  2
   46.676    3.746  2
   21.823    1.211  2
   65.940    3.492  2
   66.192   10.355  2
   66.927    1.279  2
   23.072   11.903  2
   21.219    1.373  2
   -0.245    1.136  2
   42.852    2.000  2
   53.299    1.790  2
   20.794   16.574  2
   23.348    3.297  2
   52.587   11.230  2
   60.337    2.236  2
   14.891   11.630  2
   20.794   22.116  2
   24.821    9.891  2
   54.433    3.830  2
   17.821    1.196  2
   43.113   36.163  2
   53.226    3.808  2
   45.896   38.276  2
   45.896   43.822  2
   57.419   69.277  2
   42.381    3.102  2
   57.419   99.710  2
   12.033   22.975  2
   61.477   90.096  2
   61.477   62.967  2
   52.184    1.104  2
   44.421   69.313  2
   61.724   27.113  2
   57.419  104.194  2
   44.421   41.357  2
   20.959    0.268  2
   58.009   76.641  2
   14.598    0.487  2
   66.663    0.831  2
   58.009   70.805  2
   63.986    5.258  2
   14.234    1.996  2
   66.422   32.209  2
   32.997   19.572  2
   58.009   53.518  2
   62.312   49.841  2
   27.289   27.182  2
    9.724    1.331  2
   32.960   13.569  2
   62.312   33.384  2
   63.442   30.816  2
   32.997   16.714  2
   67.639   12.894  2
   43.598   39.359  2
   49.794   20.350  2
   49.794   16.388  2
   38.012   23.674  2
   23.614    0.595  2
    6.597    1.637  2
    6.597    1.632  2
   75.502   20.963  2
   46.464   23.210  2
   49.794   15.385  2
   33.518    0.227  2
   46.464   22.742  2
   79.084    8.323  2
   28.304    2.976  2
   17.450    1.787  2
   63.384    0.275  2
   67.428   19.011  2
   48.420    1.031  2
   80.049   18.227  2
   64.465    0.296  2
   39.504    0.692  2
   44.757    1.313  2
   69.098   15.412  2
   64.901   12.134  2
   66.932   11.892  2
   44.266    1.377  2
   21.886    3.099  2
   80.146   12.777  2
   74.954   16.744  2
   89.710   17.035  2
   21.691    0.822  2
   34.804    3.359  2
   22.158    0.236  2
   49.693    1.916  2
   62.607    4.626  2
   21.551    0.241  2
   35.874    1.168  2
   21.232    1.842  2
   27.050    2.884  2
   37.431    1.056  2
   47.339    0.845  2
   73.359    9.882  2
   31.293    3.230  2
   32.300    0.961  2
   31.293    3.096  2
   87.946   11.145  2
   72.189    8.424  2
   15.178    2.171  2
   13.719    0.246  2
   62.910    3.796  2
   40.758    1.317  2
   50.881    0.267  2
   41.507    1.455  2
   91.778   11.045  2
   88.165    7.732  2
   36.961    4.634  2
   36.961    4.869  2
   83.110    7.753  2
   42.456    0.267  2
   65.489    1.905  2
   79.480    5.582  2
   28.108    0.305  2
   15.573    1.230  2
   23.606    3.557  2
   17.743    1.146  2
   45.749    2.157  2
   25.033    1.080  2
   39.009    0.452  2
   39.009    0.455  2
   23.371    1.609  2
   24.116    1.894  2
   28.254    1.671  2
   35.451    0.351  2
   53.473    1.778  2
   24.050    1.600  2
   26.552    0.749  2
   30.091    1.335  2
   27.558    3.461  2
   38.894    0.411  2
   28.019    1.518  2
   58.405    1.559  2
   41.195    2.011  2
   34.064    2.894  2
   45.371    1.440  2
   40.353    0.583  2
  124.341    7.614  2
  171.229    7.636  2
   45.327    2.832  2
    4.511    1.272  2
   24.677    1.090  2
   44.771    2.708  2
   34.923    2.860  2
   67.602    7.563  2
   52.830    2.369  2
   45.442    0.536  2
   52.895    1.717  2
   33.007    1.196  2
  184.617   11.279  2
   42.704    1.190  2
    5.946    2.065  2
   41.255    1.285  2
   33.812    3.207  2
    2.721    0.128  2
   15.337    4.389  2
    5.946    2.037  2
    5.946    1.997  2
   77.171   14.705  2
   81.453   25.471  2
   81.453   25.776  2
   29.774    1.638  2
   13.198    0.520  2
   41.376    3.211  2
   -1.090    1.950  2
   47.770    1.374  2
    7.591    0.583  2
   28.009    1.207  2
  142.325    9.314  2
   26.658    0.392  2
   15.894    3.145  2
   42.116    3.098  2
   98.137   10.733  2
   16.929    0.994  2
   98.137   11.187  2
    9.931    0.235  2
   67.159    3.145  2
   29.140    2.520  2
   34.837    2.101  2
   36.380    3.141  2
   71.929    0.292  2
    9.677    2.099  2
   23.045    1.738  2
   44.263    1.817  2
   25.443    3.257  2
   17.826    1.988  2
  111.120    8.967  2
   65.294    0.310  2
  111.120    9.072  2
    9.930    0.550  2
   -7.454    0.575  2
   62.660    4.263  2
   25.065    2.222  2
   23.027    2.253  2
   21.891    1.885  2
   42.294    1.588  2
  107.781    6.824  2
  103.950    5.458  2
   40.532    0.877  2
   13.558    2.678  2
   46.339    4.268  2
   26.123    0.804  2
   43.627    2.867  2
   29.961    0.406  2
    9.521    2.807  2
   10.960    2.453  2
   -4.959    0.418  2
   13.558    2.729  2
   21.156    0.513  2
   18.112    2.019  2
   17.510    1.886  2
   49.302    1.004  2
   51.338    0.832  2
  120.098    4.383  2
    2.264    0.095  2
   37.531    1.039  2
   50.078    4.062  2
   41.941    1.604  2
   23.888    1.938  2
   30.015    3.654  2
   35.461    1.102  2
    8.234    2.054  2
   52.955    4.567  2
   54.113    4.162  2
   38.750    1.524  2
   12.044    2.863  2
   49.370    1.336  2
   48.437    4.719  2
   -4.219    0.111  2
   25.503    2.323  2
   48.556    1.492  2
   40.895    1.639  2
   24.567    4.563  2
   36.885    1.153  2
   48.470    2.013  2
   38.719    1.970  2
   26.020    0.874  2
   62.771    1.263  2
   32.167    2.566  2
   62.771    1.272  2
   43.270    1.332  2
   38.334    5.520  2
   17.971    2.944  2
   29.508    2.434  2
   14.901    2.464  2
    8.424    1.277  2
   44.499    1.850  2
  -18.072    0.174  2
   59.818    3.391  2
   13.214    0.740  2
   43.073    1.303  2
   27.268    1.825  2
   11.942    0.251  2
   32.256    2.104  2
   15.549    3.052  2
   16.117    0.830  2
   27.134    2.054  2
   24.505    3.978  2
   29.202    0.738  2
   48.220    3.525  2
   12.493    3.007  2
   27.564    0.857  2
   60.589    4.655  2
   13.844    2.421  2
   28.396    2.132  2
   13.562    2.990  2
   61.138    1.301  2
   21.293    2.079  2
   12.811    0.938  2
   10.394    6.260  2
   15.966    3.006  2
   16.774    0.884  2
   19.181    2.648  2
    9.041    1.649  2
   51.643    4.583  2
   33.898    1.396  2
    9.827    0.253  2
    9.827    0.250  2
    3.679    6.069  2
   46.175    1.370  2
   45.940    3.831  2
   13.951    2.385  2
   67.888    6.139  2
   36.163    5.738  2
   10.237    2.177  2
   36.163    5.951  2
   14.553    1.572  2
   36.163    5.702  2
   58.041    0.657  2
   54.648    1.359  2
   32.983    5.859  2
   34.199    1.050  2
   51.448    6.372  2
   24.825    8.741  2
   21.168    3.100  2
   30.850    3.671  2
   49.539    2.073  2
   22.149    2.574  2
    1.801    1.147  2
   43.063    5.281  2
   27.504    2.499  2
   73.162    2.577  2
   17.998    3.677  2
   78.439    5.390  2
   80.456    3.386  2
   54.537    7.767  2
   21.647    1.126  2
   79.619    1.883  2
   48.016    1.222  2
   49.946    3.926  2
   40.551    6.280  2
   37.810    8.320  2
   28.630    2.764  2
   42.888   11.952  2
   35.607    8.461  2
   85.031    2.701  2
   59.326    1.559  2
  101.757    2.703  2
   65.067    9.917  2
   22.256    5.381  2
   37.464    4.251  2
   35.774    2.144  2
   10.489    0.717  2
   38.000    1.184  2
   70.996    1.123  2
   91.394    2.772  2
   20.332    2.642  2
   36.283    2.437  2
   29.679    2.025  2
   85.406    4.728  2
   24.269    8.071  2
   28.806    3.810  2
   29.075    6.018  2
   29.679    2.472  2
   33.787    1.919  2
   93.798    2.275  2
   26.909    5.582  2
   61.622    5.301  2
   21.125    2.683  2
   29.075    8.065  2
   30.504   11.401  2
   26.806    4.021  2
   67.069    3.052  2
   52.911    4.725  2
   67.891    3.637  2
   45.218    6.456  2
   67.891    3.496  2
   51.742    3.186  2
   51.773    1.114  2
   43.417    7.545  2
   31.601    6.150  2
   35.009   11.436  2
   24.072    3.798  2
   35.009   12.154  2
   53.074    5.202  2
   89.517   14.647  2
   79.485    1.967  2
   13.791    6.637  2
   53.074    5.480  2
   78.991    2.923  2
   22.087    3.260  2
   25.189   11.945  2
   31.673   10.329  2
   93.637   15.548  2
   45.577    2.946  2
   32.008   11.747  2
    0.182    0.125  2
   61.124    5.474  2
   66.298   10.599  2
   82.362   15.984  2
   25.493    1.956  2
   33.883    4.887  2
   63.380    6.139  2
   13.857    2.870  2
   13.889    3.046  2
   45.098   10.324  2
  119.430    9.260  2
   63.071    5.634  2
   22.497    7.698  2
   21.623    1.468  2
   37.627    8.810  2
   18.503    4.370  2
   81.459    6.183  2
   23.114    3.240  2
    9.043    6.448  2
   22.495   11.567  2
   27.475    3.043  2
   23.145    4.821  2
   10.215    3.921  2
   82.589    1.863  2
  117.520    9.592  2
   22.495   14.525  2
   14.438    4.043  2
   24.064    6.076  2
   18.588    3.710  2
   80.178   18.345  2
   14.325    4.663  2
   32.476    2.653  2
   80.178   19.162  2
   31.163   10.217  2
   27.615    6.821  2
   31.163   13.293  2
  109.361    1.114  2
  136.709    7.376  2
   98.844   10.509  2
   77.480   11.478  2
   64.545    7.385  2
   80.178   23.570  2
  102.405   19.692  2
   43.857    5.380  2
  104.343   19.262  2
   57.403    8.558  2
   12.601   11.850  2
   31.929    6.777  2
   14.757    5.663  2
   98.844   13.657  2
  128.155    7.279  2
   48.316    1.655  2
   80.464   15.769  2
    5.222   26.865  2
   32.620    6.424  2
  104.343   18.410  2
   34.738   14.454  2
   44.522    0.583  2
  131.167   25.654  2
   98.892    2.770  2
  119.477   11.867  2
  106.669   25.693  2
   13.763   34.968  2
   18.691    4.480  2
   38.039   32.570  2
   44.522    0.567  2
   44.522    0.583  2
  123.428   24.269  2
  141.342   30.963  2
  152.203   30.297  2
   60.186   17.459  2
   15.946    4.363  2
   78.591    4.253  2
   25.563    4.638  2
   77.737   16.185  2
  153.517   10.904  2
   65.558    1.671  2
   38.039   37.450  2
  152.203   32.464  2
   29.445   54.655  2
  127.467   37.753  2
   73.590    4.708  2
   13.247    2.970  2
   74.434    1.718  2
  158.686   40.512  2
   38.039   30.625  2
  117.162   10.215  2
    2.281    3.989  2
   71.856    0.610  2
   54.343    7.541  2
   35.375   51.655  2
   87.708    4.196  2
   30.873    7.946  2
   47.246    7.402  2
   35.375   50.325  2
    6.553   19.659  2
  152.203   49.494  2
  106.321   13.336  2
  106.709    1.005  2
   47.285    2.286  2
    8.464    6.921  2
   68.855    1.690  2
  182.351   30.681  2
  141.472   28.666  2
   24.945    4.866  2
   16.713    9.860  2
   98.509   24.411  2
   10.135    1.712  2
  182.351   30.108  2
    6.543    6.377  2
   34.125    0.624  2
  100.141    3.650  2
    8.411    3.652  2
  160.626   57.409  2
  172.637   53.982  2
   82.472    2.537  2
   98.509   19.186  2
   67.119   27.061  2
   18.441    5.094  2
  180.180   32.324  2
   56.877    3.014  2
   50.706   35.249  2
   67.139    8.382  2
   57.594    3.718  2
   59.659    4.664  2
  160.626   32.448  2
   79.016   17.060  2
   47.070    3.177  2
   51.817   34.587  2
   13.358   19.051  2
  160.054   68.027  2
  134.888   37.530  2
   81.111   15.938  2
  185.346   35.371  2
  134.714   52.817  2
    7.192    5.671  2
  136.581   11.871  2
   47.070    3.793  2
  101.846    2.771  2
   49.924    2.055  2
   19.810    5.064  2
   81.477   19.089  2
   81.477   18.407  2
   42.039    2.980  2
   18.517    4.798  2
  152.082   74.062  2
   27.987    2.636  2
   88.664   16.041  2
   70.492    4.527  2
  164.401   48.857  2
   42.039    2.970  2
   13.643    1.922  2
   84.269    2.793  2
   40.807   24.539  2
   25.648   19.385  2
   59.655   19.851  2
  167.710   52.279  2
  147.651   44.576  2
   90.868   16.620  2
  146.653    6.269  2
  204.649   30.904  2
   21.737    4.360  2
  164.401   55.471  2
   -4.070    7.890  2
   25.509   10.552  2
   40.963   15.336  2
   32.930    9.518  2
   19.627    9.086  2
  112.217   34.603  2
   24.961   14.008  2
  143.741   34.483  2
  130.638   25.922  2
   79.704    3.385  2
  166.760   32.133  2
   15.244    4.593  2
  147.651   42.815  2
    9.841    4.871  2
   24.961   14.751  2
   23.223   12.488  2
   37.198   20.977  2
   93.574   16.097  2
    7.076    2.643  2
   29.515    8.729  2
  198.808   66.809  2
   21.725    4.976  2
   80.777    3.293  2
  147.651   39.532  2
  196.688   59.833  2
   59.451    0.741  2
  119.584   24.507  2
   80.390   18.820  2
   76.998    5.141  2
   18.681   14.919  2
   21.043   11.955  2
    5.454    5.238  2
   80.047    2.671  2
  176.174   34.956  2
  196.688   95.520  2
   18.681   16.468  2
   93.574   16.605  2
    6.617    5.609  2
   36.288    2.515  2
  219.044   74.281  2
   61.797    2.703  2
  219.044   83.768  2
   -8.101    5.917  2
   23.435   22.168  2
   19.391    7.362  2
    9.969    6.280  2
  183.928   29.580  2
   21.929    7.513  2
   18.681   20.610  2
   63.837    2.660  2
   80.705    5.787  2
   22.474   21.103  2
   18.284   17.475  2
   31.901   14.205  2
   21.043   13.560  2
   31.579   18.368  2
  219.044   58.426  2
   72.416   11.597  2
   14.767   27.468  2
  160.017   10.200  2
   23.532   11.856  2
   12.247    2.623  2
   74.413   17.900  2
   18.284   20.129  2
   40.380    0.869  2
  184.281   67.810  2
   64.012   32.741  2
   92.070   25.898  2
   65.634   27.642  2
  114.242   15.612  2
   31.521   11.330  2
   26.134   24.850  2
   74.413   19.072  2
   65.679   27.392  2
   63.566   29.315  2
   64.012   34.599  2
   65.679   26.137  2
  132.474   24.494  2
   37.354   29.222  2
   41.474    2.546  2
   34.627   17.442  2
  210.790   81.605  2
   63.837    2.289  2
   45.990    4.253  2
   87.931    7.450  2
   39.518   37.991  2
   21.107   18.487  2
  159.264   42.051  2
  114.242   16.073  2
  178.423   66.646  2
   45.990    4.041  2
  101.729    1.190  2
   14.739   15.995  2
   63.566   21.408  2
   91.214    1.654  2
   20.365    2.905  2
   47.359    2.226  2
   16.595   30.444  2
   39.589   28.365  2
   50.531    4.374  2
   28.775   32.738  2
   24.889   15.730  2
   89.044    4.793  2
   28.042   49.732  2
   62.544   28.051  2
   95.169    1.439  2
   22.318    5.860  2
  181.725   56.196  2
   47.705   47.252  2
   22.154   25.615  2
  178.423   99.022  2
   23.723   13.972  2
   62.544   45.796  2
   24.152   31.929  2
   28.042   70.058  2
   32.721   69.923  2
  138.740    8.290  2
   19.007   14.287  2
   32.721   63.109  2
   48.184    1.851  2
   65.622   12.275  2
   28.042   88.365  2
  181.725   39.346  2
   31.322  125.628  2
   26.501   70.544  2
   24.152   26.639  2
   57.828    3.198  2
   89.250    4.661  2
   23.999   25.767  2
   55.413   10.771  2
   -6.744    6.042  2
   76.786    2.277  2
   31.322   91.210  2
   14.934   16.502  2
   18.713   29.361  2
   38.902   47.219  2
   33.842  100.087  2
   16.623    3.441  2
   33.842  132.305  2
   32.214    0.847  2
   58.602    4.660  2
   31.322   93.425  2
   30.648   35.096  2
   50.412    8.576  2
   35.002   20.643  2
   26.501   37.599  2
    9.499    7.507  2
  124.604   11.137  2
   34.365   17.768  2
   22.918   15.166  2
   31.322  141.947  2
   44.974   68.493  2
   30.648   29.495  2
   26.501   86.306  2
   18.713   42.087  2
   34.416  119.527  2
   34.416  109.739  2
   38.902   88.362  2
   51.563   77.105  2
   25.657   13.936  2
  121.436   15.611  2
   24.441   15.423  2
   28.147  107.664  2
   31.470   45.619  2
   21.789   25.281  2
   29.471   15.437  2
   24.304   11.137  2
   40.877   84.235  2
   12.920   12.488  2
   40.877  136.381  2
   34.433   82.359  2
   84.903    5.202  2
  109.646   14.168  2
   34.433   81.607  2
   51.563  109.712  2
   82.244    3.485  2
   28.071   95.691  2
   34.433   93.927  2
   41.849   28.713  2
   22.683   17.942  2
   30.125   34.667  2
   21.216   23.976  2
   30.125   33.540  2
   34.433   78.854  2
   93.184    2.510  2
   20.147    0.397  2
  114.959   13.597  2
  162.232   28.334  2
   14.361   44.754  2
   12.115    7.002  2
   28.147   60.053  2
  114.959   16.728  2
   20.347    6.413  2
  112.146   19.593  2
   47.725  110.980  2
   44.119  107.272  2
   37.054   47.602  2
  106.432    3.788  2
   38.362   12.977  2
   47.725  170.053  2
  124.299   19.671  2
   37.632   42.705  2
   19.511   11.068  2
   41.624  133.840  2
   24.255   10.554  2
   44.119  102.352  2
   47.725  146.303  2
   25.664   10.603  2
  112.918   22.023  2
   38.218    4.060  2
   18.847   11.190  2
    7.991    4.378  2
   31.688    2.089  2
   24.168   21.644  2
  147.718   28.614  2
   15.468    5.418  2
    9.929   11.525  2
   37.054   64.446  2
   24.168   17.366  2
   30.724   19.089  2
   44.119   57.515  2
   41.624   96.862  2
   47.725  152.647  2
   49.185    3.658  2
   33.477   93.924  2
   17.681   40.178  2
   33.477   83.627  2
   29.547   53.898  2
  130.562   25.553  2
   20.200   30.377  2
   33.477   87.556  2
   17.681   36.445  2
   15.038   10.609  2
  147.718   36.084  2
   36.546  113.797  2
   17.681   32.932  2
   34.343   30.341  2
   43.544   51.667  2
   79.769    0.741  2
   15.038   11.896  2
   29.746   97.074  2
   14.639    0.823  2
   20.848   29.140  2
   12.807   45.199  2
   29.746  102.598  2
   23.790   57.518  2
   37.311    1.569  2
   -2.348    3.302  2
   61.604    4.205  2
   91.312    3.643  2
   29.547   52.129  2
   21.482   36.224  2
  118.138   39.395  2
   18.558   25.526  2
   43.544   51.326  2
   35.972   50.050  2
   48.225   72.340  2
   21.482   42.846  2
   27.076   22.844  2
   18.217   26.614  2
   25.217   64.879  2
   10.896   23.783  2
   27.629   15.775  2
    4.361   26.911  2
  127.739   23.376  2
   13.062   18.009  2
   13.935    7.966  2
   18.551   11.531  2
   56.031    6.826  2
   52.369    6.590  2
   29.746   78.699  2
   72.045    0.766  2
   15.070    7.517  2
    2.070    3.407  2
  124.611   17.148  2
   13.062   21.944  2
   13.935    7.555  2
  124.932   27.106  2
   24.417   10.585  2
   25.217   52.112  2
   27.076   21.712  2
   38.935   87.433  2
   21.762   20.824  2
   61.226   70.675  2
  152.631    9.586  2
   50.648   79.824  2
   20.543   22.928  2
  102.638   18.473  2
   48.165    3.654  2
   50.017    4.038  2
   13.938   52.937  2
   25.217   62.355  2
   29.785   62.699  2
   24.581   15.290  2
   58.639    2.091  2
    4.749   23.610  2
  112.104   14.612  2
   15.671   16.824  2
  139.488   19.171  2
   61.226   89.597  2
  139.488   18.135  2
   38.935   82.749  2
  158.137   10.419  2
   18.740   59.208  2
   37.226    0.496  2
   16.055   17.574  2
   50.648  159.853  2
   14.356   12.368  2
   26.127   62.285  2
   38.935  115.515  2
   52.697    6.942  2
   12.756    9.596  2
   53.477  107.376  2
   11.713    0.788  2
   26.172   28.386  2
   38.600    3.137  2
   53.477   97.664  2
   60.023    2.609  2
  142.337    7.547  2
  155.916    9.854  2
   35.338   49.824  2
   48.826   91.630  2
   29.785   66.159  2
   17.094   25.562  2
   50.899    4.893  2
   19.105   18.396  2
   21.502   18.848  2
   10.373   13.440  2
   45.396  150.422  2
   -0.612   15.816  2
   22.383   47.228  2
   26.127   58.053  2
   51.988  116.953  2
   83.679   12.116  2
   45.567   10.936  2
   48.826   88.460  2
   13.136   11.805  2
    9.265   12.035  2
   51.988  115.153  2
   53.477  111.469  2
   28.610    1.237  2
  103.016   14.636  2
   23.374   49.459  2
  157.603   10.674  2
   43.620   95.460  2
   97.002    1.516  2
   -4.410   19.841  2
   30.326    2.344  2
   23.374   58.035  2
   45.396   73.852  2
    7.618   23.854  2
   19.619   37.768  2
   38.919   25.302  2
   17.206    1.622  2
   45.396   57.284  2
   40.844   94.626  2
   30.792   33.491  2
   30.779   66.185  2
   43.620  126.004  2
   23.349   14.473  2
   -4.410   16.249  2
   43.620   97.060  2
   92.179    2.230  2
   23.374   42.798  2
   70.005    3.741  2
    3.883   14.979  2
    2.329   12.452  2
   68.074    0.773  2
  152.276   11.303  2
   19.423   21.662  2
   43.620   65.821  2
   40.844  109.893  2
   19.423   17.961  2
  127.439   15.939  2
   25.723   16.319  2
    8.476    8.506  2
    9.841    0.432  2
    2.329   13.549  2
   23.378   57.269  2
   10.135   16.796  2
   38.919   22.778  2
   37.161   17.089  2
   15.010   17.402  2
   18.364   49.414  2
   18.226   32.858  2
   18.226   32.604  2
  169.852   20.145  2
   25.723   24.436  2
   51.266    2.340  2
   14.023   10.700  2
   14.023   10.511  2
   26.956   20.608  2
   23.378   49.405  2
   30.666   40.496  2
   32.423   55.441  2
   15.826   18.123  2
   19.199   22.170  2
   32.423   50.385  2
   61.107    0.835  2
  146.406   10.530  2
   32.423   46.936  2
   21.905   29.301  2
   18.864   23.300  2
   23.378   47.459  2
   28.232   33.826  2
  142.480   13.423  2
   34.496    5.025  2
   15.837   38.851  2
   58.836    0.755  2
   21.942   22.999  2
   10.630   14.060  2
    3.908   18.517  2
   32.423   46.995  2
   74.142   25.448  2
  110.211   11.111  2
    5.548   11.839  2
  120.571    9.964  2
   14.016   45.035  2
   33.802   18.625  2
   17.627   29.493  2
   14.173   26.576  2
   27.167   25.584  2
   23.633   17.427  2
   21.942   27.203  2
    5.178   11.216  2
   13.759   20.469  2
   30.822   32.843  2
   36.726   39.109  2
   10.494   14.093  2
  155.937   41.329  2
   28.878   14.969  2
   10.494   10.444  2
   19.744   23.094  2
   30.822   27.000  2
    8.798    1.827  2
   74.173    9.942  2
   19.104    7.482  2
   19.104    7.889  2
   22.646   30.657  2
   50.612    2.724  2
  155.937   50.422  2
   27.440   21.974  2
   46.608    1.927  2
   21.960   20.779  2
   44.910    0.684  2
  189.000   75.871  2
   21.960   24.327  2
   11.575    9.521  2
   36.625   39.928  2
   19.485   10.549  2
   24.047   38.400  2
   19.104    7.792  2
   -0.213    8.965  2
   58.449    4.235  2
   16.030   22.875  2
   31.799   43.736  2
   17.941   52.204  2
   31.799   35.676  2
   31.491   48.506  2
   16.030   24.505  2
   31.799   36.589  2
   20.367   68.872  2
   17.941   45.681  2
   17.941   32.832  2
   15.463   18.362  2
   17.588    1.252  2
  141.516   85.832  2
   16.392   24.530  2
   17.941   55.964  2
   14.487   28.305  2
   11.637   12.130  2
  129.055   28.477  2
   21.439   21.651  2
   31.799   40.448  2
   28.841   17.673  2
  153.240   91.306  2
  141.516   70.155  2
    9.949   15.932  2
  153.240  107.541  2
   30.011   17.650  2
   27.040   32.350  2
  153.240   85.259  2
   17.950   26.849  2
   28.085   16.845  2
   14.301   11.970  2
   45.051   77.923  2
   15.463   19.741  2
   28.085   15.231  2
   20.987   13.716  2
   24.167   33.888  2
  128.631   59.262  2
   28.085   14.754  2
  153.240   69.520  2
   21.913   38.925  2
   54.228   71.715  2
   23.565   33.730  2
   21.061   13.903  2
   23.591   25.874  2
   45.051   74.757  2
   20.893   37.787  2
   27.557   84.625  2
   21.309   40.569  2
   21.096   31.515  2
   45.051   85.963  2
   79.013  108.280  2
   91.824   88.853  2
   54.228   73.409  2
   18.001   43.986  2
   21.096   28.351  2
   70.119    2.839  2
   84.939   12.152  2
   54.228   70.139  2
   41.934   60.191  2
   23.565   41.035  2
   18.001   45.668  2
   16.005   21.445  2
   16.005   23.508  2
   84.257    7.220  2
   74.068   58.279  2
   79.013   84.358  2
   20.893   46.031  2
    8.992   15.353  2
   14.391   10.298  2
   58.546   76.269  2
    6.085   13.503  2
   69.749   58.379  2
   10.270    0.728  2
   58.546   58.296  2
   69.749   73.390  2
   21.497   13.082  2
    5.201   10.046  2
   15.925   10.942  2
   23.027   22.194  2
    9.572   35.969  2
   23.027   26.745  2
   69.749   76.919  2
   38.511   38.850  2
   73.049    8.261  2
   11.269   22.931  2
   55.159   49.649  2
   16.598   39.642  2
   63.882   46.190  2
   23.027   28.634  2
   58.112   69.179  2
    4.497    2.324  2
   11.269   24.932  2
   58.696   48.172  2
   82.163   19.602  2
   37.083    0.801  2
    7.924   29.713  2
   15.926   39.444  2
    8.025   38.427  2
   13.502    9.233  2
    9.938   12.089  2
   13.775   40.834  2
   16.346   11.765  2
   16.698   17.294  2
   27.566    0.694  2
    7.028   38.574  2
   14.171   38.517  2
    8.025   40.357  2
   27.960   21.564  2
   58.112   41.294  2
   24.692    2.168  2
   25.492   19.326  2
   41.455   37.671  2
   11.790    8.736  2
    7.924   29.820  2
   13.105   41.004  2
    9.336    0.118  2
   22.018   12.335  2
   18.845   40.470  2
   35.819    0.659  2
    9.983   39.867  2
   32.762   34.246  2
    9.335    7.787  2
   37.583   36.542  2
   41.676   42.356  2
   51.617   14.598  2
   16.130   16.765  2
   14.262    0.711  2
   20.407   19.959  2
   20.407   19.229  2
   13.105   39.642  2
   13.105   39.711  2
    9.335    7.780  2
   39.005   47.481  2
    5.048    9.283  2
   -4.333    1.976  2
   23.476   23.609  2
    5.540   11.700  2
   37.548   38.144  2
   13.994    8.235  2
   58.746   22.102  2
   19.501    0.736  2
   16.120    5.967  2
   37.548   39.533  2
   15.644   34.162  2
   10.737   40.624  2
   15.696   17.176  2
    5.540   10.386  2
   53.385    0.673  2
   -0.087   24.931  2
   35.513    0.832  2
    9.443   38.571  2
   17.978    7.346  2
   50.293    0.804  2
   30.777   22.618  2
   20.002   33.242  2
   26.991   33.398  2
   30.205   51.340  2
   43.234   26.112  2
   34.069    1.719  2
   36.040   47.159  2
   43.234   31.914  2
    7.453    6.284  2
   12.137   19.896  2
   52.938    1.214  2
   43.234   28.779  2
    9.360    7.982  2
   15.644   35.633  2
   30.205   59.653  2
   30.205   63.557  2
   26.681   18.398  2
    6.724   24.783  2
   -0.271    7.080  2
    7.453    8.173  2
   26.681   20.320  2
   10.900   34.583  2
   12.137   17.799  2
    8.689    7.776  2
   13.952   33.376  2
   26.866   45.023  2
   30.205   50.355  2
   30.205   56.831  2
   33.436   39.262  2
   10.900   32.542  2
   12.137   12.803  2
   11.991   30.386  2
   14.489   31.826  2
   46.444    0.701  2
    3.015   10.453  2
   15.369   43.417  2
   18.879   26.383  2
   34.944    4.069  2
    8.471   24.867  2
   -3.561   15.322  2
   13.952   36.276  2
   28.978    0.718  2
    7.747    0.896  2
   20.421   25.863  2
   24.273   52.488  2
   26.906   27.524  2
   -0.549   12.965  2
   26.906   27.668  2
   24.273   59.050  2
   20.421   27.833  2
   23.767   46.368  2
   17.254   29.792  2
   39.695    5.735  2
   19.440   42.649  2
   20.421   28.772  2
   27.943   33.797  2
   11.615   38.356  2
   27.943   32.603  2
   11.590   52.356  2
   -3.274   15.102  2
    1.787    9.708  2
    9.925   32.775  2
   10.404   38.838  2
   -1.239   10.848  2
   25.301   85.294  2
   39.695    6.639  2
   -3.274   18.484  2
   24.240    0.257  2
   20.135   29.049  2
   -3.194    6.728  2
   18.759   61.366  2
   18.759   66.898  2
   22.689   36.068  2
   25.312   54.782  2
   18.759   62.039  2
    7.254   40.652  2
   44.600    1.288  2
   28.662   34.169  2
   18.759   83.019  2
   22.962   13.085  2
   23.162   52.485  2
   -7.487    7.511  2
    5.642   38.083  2
    7.254   39.966  2
  -11.686    4.452  2
   35.570   14.922  2
   43.524    8.244  2
   22.962   11.454  2
   24.261   36.847  2
   18.794   31.958  2
   21.289   78.949  2
   -2.372    8.547  2
   24.618   38.667  2
   23.162   70.152  2
    7.664   36.459  2
    3.653   35.345  2
   28.662   23.192  2
   -7.487    6.512  2
   37.037    6.189  2
   34.777    7.274  2
   43.524    8.138  2
   12.435   67.987  2
   23.162   63.442  2
   15.214   65.179  2
   60.962    0.481  2
   22.950   40.761  2
   37.037    6.953  2
    3.141   56.074  2
   21.869   34.626  2
   16.036   29.522  2
   11.226    5.444  2
    3.713    0.445  2
   -2.052   13.085  2
   18.164   27.850  2
   18.035   57.637  2
   21.590   32.237  2
    6.191    2.658  2
   37.037    7.022  2
   30.082   24.636  2
   15.214   57.620  2
   24.618   29.326  2
   10.227    2.525  2
   19.105   46.103  2
    8.650   59.157  2
   28.718    7.048  2
   11.226    6.324  2
   12.707   45.587  2
   18.035   74.784  2
   18.035   72.587  2
   38.566    8.281  2
   10.227    2.401  2
   26.361   36.817  2
   -2.281   13.802  2
   30.082   29.366  2
    5.871   90.283  2
   25.245   34.332  2
    8.254   33.940  2
   33.626   11.221  2
    3.591   65.715  2
    1.598   70.598  2
   12.707   64.504  2
    1.598   66.419  2
    8.254   39.601  2
    1.321    2.178  2
    3.675   10.755  2
   24.968   89.891  2
    1.252   53.925  2
    2.687    7.998  2
   13.062   69.165  2
    3.225    4.132  2
   13.062   77.399  2
    1.598   43.419  2
  -16.382   19.919  2
   19.939   79.874  2
    9.063    4.865  2
   17.634   81.001  2
   28.492   30.693  2
   24.690   26.427  2
   20.544   39.245  2
    3.972   38.100  2
   20.544   36.017  2
    2.547   45.218  2
    4.954    8.699  2
   -2.355    6.429  2
   24.690   31.337  2
    0.377    8.667  2
   35.923    1.739  2
    5.470   47.926  2
    5.470   47.001  2
   -6.153    6.722  2
    2.547   41.343  2
   67.541    2.484  2
   24.690   22.175  2
   17.197   47.218  2
   24.720   89.469  2
   24.720   84.335  2
    5.470   59.556  2
   24.720   90.722  2
   27.273   34.988  2
   22.425   22.191  2
    5.470   54.194  2
   15.338   35.905  2
   13.800   13.842  2
  -11.116    8.695  2
   15.338   39.370  2
   12.170   23.850  2
   15.052    7.814  2
   20.153   74.699  2
    3.349   35.398  2
   19.055   53.921  2
   20.153   64.396  2
   10.886   11.464  2
   15.909   39.229  2
   15.338   45.000  2
   31.347   40.436  2
   20.153   72.854  2
   18.486   52.598  2
   10.910   34.422  2
   10.910   33.450  2
    5.840    5.596  2
   29.964   39.005  2
   10.797   49.573  2
    5.884   25.258  2
   10.797   37.590  2
   29.964   39.636  2
    5.822   33.831  2
    3.690   24.380  2
    1.846   23.716  2
    8.650   23.111  2
   30.889    2.337  2
   20.979   45.059  2
   30.889    2.402  2
   17.819   24.866  2
   30.156   43.579  2
   -7.525    1.051  2
    8.109    8.759  2
  -10.607    5.278  2
   25.881   30.915  2
   16.041    7.984  2
    5.884   19.518  2
   16.427   42.655  2
    0.304   17.762  2
   -9.742    1.113  2
   27.087    3.158  2
    8.109    8.578  2
    9.702    1.795  2
   18.527   63.709  2
   21.654   39.942  2
   16.427   54.911  2
   -2.618    1.025  2
   19.434   35.815  2
   20.540    5.741  2
   17.150   33.393  2
   18.527   61.729  2
   37.871    3.220  2
    5.286    8.485  2
    4.745    0.591  2
    8.569    1.419  2
   16.427   64.557  2
    0.957   17.722  2
    4.767    1.534  2
    0.957   18.310  2
   21.654   42.129  2
    3.897    0.945  2
   14.540   50.133  2
   -8.923    6.100  2
   23.175   15.904  2
    6.258    9.031  2
   23.955    3.999  2
    9.814    7.695  2
   15.822    0.119  2
    9.694   16.239  2
   -2.089   27.031  2
   13.801   28.690  2
   20.774   21.375  2
   14.036   40.890  2
   27.485   15.650  2
   -4.171    6.027  2
   14.460    4.073  2
   20.774   16.334  2
   22.081    1.914  2
   39.728    4.865  2
    4.167   15.401  2
   19.946    3.911  2
   29.630   16.872  2
    4.713   21.782  2
   15.328   12.639  2
    6.284   20.540  2
   22.878    0.479  2
   13.363   16.684  2
   22.306   17.737  2
    6.284   20.788  2
    6.284   17.762  2
    7.853   15.509  2
   11.107   34.877  2
   36.251    5.679  2
   21.478   13.394  2
    6.284   23.679  2
   18.746   17.376  2
   13.107   13.365  2
  -13.479    1.293  2
   27.597    9.867  2
   -2.538    0.811  2
    9.141    0.124  2
   21.153    3.175  2
   16.139    0.219  2
    6.064   18.588  2
   32.168    1.589  2
    7.442    0.526  2
   12.057   20.496  2
   16.839   16.394  2
   13.777    0.196  2
   13.617    6.384  2
    0.343   11.959  2
    3.851    2.502  2
    9.088    0.124  2
    7.168    1.726  2
    9.108    6.558  2
   -6.598    9.354  2
   18.239    2.213  2
   22.210    0.572  2
    3.304    3.729  2
   20.258    0.491  2
   35.991    0.258  2
   15.191    5.254  2
   20.100    0.272  2
   -4.583    0.176  2
   10.535    1.502  2
   27.987    0.256  2
    0.362    2.801  2
   19.327    0.412  2
    5.136    7.116  2
   18.874    7.015  2
   -3.712    0.510  2
    5.511    7.599  2
   -9.777    3.643  2
   23.495    0.603  2
   32.996    0.212  2
   12.897    9.631  2
   12.216    4.176  2
   15.208    0.233  2
   16.717    6.617  2
  -10.607    4.648  2
    6.735    1.612  2
    2.530    5.265  2
   25.862    0.204  2
    0.536    5.627  2
    2.065    1.525  2
   -5.890    3.003  2
  -15.641    3.181  2
  -10.236    0.885  2
   21.915    1.986  2
    8.946    1.303  2
   23.927    5.454  2
    1.820    0.122  2
   11.949    5.621  2
   11.332    1.245  2
    2.960    2.209  2
   -3.072    0.603  2
    6.283    1.966  2
    5.890    5.842  2
    3.986    0.711  2
    7.130    1.219  2
   -1.939    2.031  2
   13.466    1.895  2
   22.708    8.249  2
   22.708    8.582  2
   18.519    0.057  2
   19.490    7.491  2
   23.158    8.348  2
    7.572    3.548  2
   18.320    6.360  2
   18.320    7.709  2
    8.614    5.455  2
  -11.048    1.704  2
    4.427    0.827  2
    8.056    5.532  2
    0.149    0.821  2
    3.835    1.153  2
   19.742    5.619  2
   22.347    0.096  2
    6.538    1.281  2
   10.166    4.082  2
   10.758    0.916  2
   11.591    1.012  2
    2.212    0.474  2
  -10.876    0.271  2
   -6.434    0.229  2
   14.366    1.936  2
   19.186    1.898  2
   19.186    1.803  2
   19.186    1.870  2
    6.589    1.996  2
    5.496    0.182  2
    7.431    1.061  2
    1.822    0.753  2
   -5.369    1.097  2
    3.563    1.047  2
    3.328    0.977  2
  -14.470    1.251  2
  -18.209    0.274  2
    5.205    0.915  2
    8.931    0.990  2
    5.700    0.164  2
   17.410    0.764  2
    4.432    0.759  2
  -12.740    1.145  2
    8.330    0.653  2
    6.949    1.231  2
    2.389    0.372  2
    3.799    1.507  2
   13.799    0.603  2
    2.113    1.550  2
   -7.200    1.742  2
   20.193    1.058  2
   -1.212    1.243  2
    8.567    1.169  2
    9.282    0.172  2
    2.838    0.163  2
   12.652    0.660  2
    4.907    0.721  2
    0.399    0.454  2
  -17.863    0.945  2
    8.197    0.454  2
  -14.363    0.836  2
  -13.555    0.677  2
   30.343    2.694  2
   63.470    3.639  2
   22.380    1.126  2
   19.890   12.797  2
   32.008   13.950  2
  131.167   22.780  2
   75.144    3.199  2
   18.691    5.174  2
  198.808   51.242  2
   65.634   25.358  2
   24.889   15.715  2
  166.039   38.271  2
  126.777   15.470  2
   14.537    2.287  2
   40.900    0.410  2
   -7.132    2.773  2
   42.802    4.854  2
    6.551    0.521  2
   27.113    1.278  2
    3.000    0.469  2
   29.799    0.611  2
    8.971    0.444  2
   25.429    2.657  2
    5.853    0.650  2
   18.728    1.694  2
   24.841    1.259  2
   11.715    0.977  2
   16.177    0.931  2
   -1.386    1.312  2
    7.488    1.128  2
   35.789    0.655  2
   20.516    0.554  2
   34.522    0.847  2
   16.532    0.335  2
   44.623    1.006  2
    8.998    0.088  2
   36.377    2.503  2
   33.574    1.738  2
   67.764   16.314  2
   43.107    1.953  2
   21.903    0.344  2
   32.630    1.823  2
   61.883    0.662  2
   57.820    0.675  2
   32.309    0.208  2
   54.102    4.820  2
   26.391    2.880  2
    3.396    1.250  2
   46.183    1.126  2
   72.411    9.247  2
   75.059    3.805  2
   21.381    3.114  2
   53.093    3.486  2
   29.896    1.420  2
   33.894    0.447  2
   45.818    2.615  2
    8.558    0.489  2
   15.595    0.445  2
    1.479    1.274  2
   -0.296    0.529  2
    6.203    1.845  2
   82.783    2.305  2
  -14.403    0.488  2
   88.735    5.436  2
   29.713    0.637  2
    7.141    0.302  2
    7.801    0.723  2
  111.688    3.814  2
   46.508    1.961  2
   10.701    0.872  2
   25.474    1.665  2
   18.518    1.634  2
    4.950    2.591  2
   10.625    2.526  2
    7.571    2.831  2
   23.622    3.560  2
   50.890    4.666  2
   59.801    3.597  2
   35.487    1.469  2
   82.776    3.152  2
   22.130    4.945  2
   73.945    0.573  2
   22.497    6.291  2
    5.254   15.949  2
   71.639    3.941  2
   47.402    0.942  2
   67.472    4.643  2
   29.445   37.505  2
   12.220    3.199  2
   78.591    3.771  2
    7.389    3.643  2
   53.449    6.915  2
   -1.138    2.900  2
    7.192    5.664  2
  204.649   32.520  2
  156.347   48.839  2
   10.159    0.830  2
   21.929    6.654  2
    3.453    0.252  2
    7.113    0.389  2
   22.187    4.592  2
   32.721   49.649  2
   25.583   18.530  2
   34.416   78.133  2
    9.002    1.776  2
   14.522   12.676  2
   93.070    4.650  2
   17.699   12.464  2
   21.387   42.856  2
   11.364    0.624  2
   90.996   14.191  2
   25.765   64.089  2
   10.461    2.916  2
   13.938   47.456  2
   18.481    2.050  2
   32.568   50.885  2
   15.115   17.498  2
   44.962    3.973  2
    8.476    9.059  2
   40.844  121.059  2
   -6.159    0.278  2
   85.609    1.001  2
   51.694    0.664  2
    7.387   11.922  2
   63.881    0.738  2
   60.337    1.654  2
   18.793    0.412  2
   25.774    0.331  2
   23.565   42.361  2
   -9.660    5.217  2
   63.622    3.351  2
   56.929    0.162  2
   34.609    0.255  2
   12.643    8.241  2
   29.501    1.133  2
   -3.323   10.180  2
   50.096    0.532  2
   10.404   35.584  2
   37.037    6.637  2
   22.302    0.881  2
    5.871   43.504  2
   10.592    0.685  2
   13.062   49.363  2
    7.226    8.654  2
   40.335    2.335  2
   13.169    9.368  2
   28.549    1.136  2
   23.763    2.431  2
   21.654   37.069  2
   19.226    3.217  2
   14.540   37.094  2
  -10.152    2.742  2
    8.350    1.433  2
   18.746   17.266  2
    5.294    6.002  2
   -6.453    5.293  2
   11.180    7.212  2
   -7.370    7.164  2
   15.053    1.570  2
    8.944    0.679  2
   11.404    4.043  2
   15.511    4.688  2
    9.629    5.511  2
    5.552    8.689  2
   21.915    1.646  2
    3.191    2.483  2
  -10.338    0.834  2
   21.949    6.325  2
   -4.994    0.682  2
    0.601    1.408  2
   10.463    0.751  2
   20.103    1.040  2
   -3.219    1.368  2
  -13.594    0.321  2
   -9.990    1.108  2
    9.460    0.226  2
   -3.072    0.796  2
  -10.876    0.273  2
   15.834    1.980  2
   -4.461    0.776  2
   -3.780    0.901  2
   11.932    0.839  2
    3.328    0.977  2
    4.793    0.670  2
   -4.369    0.582  2
    3.434    0.668  2
