11.4800   8.95000  
10.9300   7.97000  
11.4800   8.29000  
11.0400   8.55000  
11.2700   8.45000  
11.4000   8.15000  
11.8400   8.84000  
10.9300   8.12000  
11.5600   8.69000  
11.8400   8.98000  
10.6500   8.16000  
10.2400   7.77000  
10.0000   7.46000  
10.4000   7.76000  
11.5500   8.49000  
10.2000   7.54000  
11.9800   8.87000  
12.0800   9.23000  
11.6900   8.89000  
12.2500   9.27000  
10.9400   8.20000  
11.2200   8.59000  
11.0500   8.61000  
11.3900   8.43000  
11.9700   8.78000  
11.2300   8.63000  
11.2800   8.41000  
12.2600   9.09000  
12.1900   9.22000  
11.8300   8.84000  
11.4800   8.21000  
11.2900   8.02000  