11.4900   8.02050  
11.7100   8.36256  
11.6500   8.60950  
11.4300   8.09713  
11.5100   8.25576  
11.0400   7.78116  
12.1600   8.72665  
11.3000   8.36743  
11.6500   8.77581  
12.3900   9.06784  
11.6000   8.58754  
12.0100   9.15205  
11.4300   8.49345  
11.5600   8.45662  
11.2700   8.32573  
11.1500   8.12923  
11.1500   8.25484  
11.6600   8.52639  
11.3900   8.46028  
11.3500   8.45731  
11.1400   8.05588  
12.2800   9.29220  
11.6200   8.26646  
11.4500   8.27464  
11.6300   8.42056  
11.4900   8.08729  
11.1100   8.27723  
11.2000   8.26466  
11.6500   8.39993  
11.1200   8.35250  
11.1100   8.07916  
11.8100   8.52502  
11.3400   8.32671  
11.3500   8.39481  
11.3800   8.38127  
11.1200   8.15738  
12.2000   9.14390  