3.99491  1.67491   
5.31533  2.29533   
5.45986  2.60986   
3.84698  1.50698   
3.54897  1.95897   
5.51691  2.07691  
4.69062  2.25062   
4.66256  1.80256   
4.32835  1.50835   
4.79835  1.88835   
4.18028  1.50028  
4.40602  1.78602   
4.43983  1.94983   
5.24591  2.20592   
4.27609  1.86609   
3.10499  0.434992 
3.86327  1.74327   
5.38039  2.46039   
5.49216  2.49216   
5.30921  2.30921   
4.98271  1.93271   
4.53722  2.47722   
5.28494  2.00494   
5.14034  2.19033   
3.94201  1.75201   
4.68239  1.77240   
4.88453  2.20453   
4.30995  2.33995  
4.23479  2.37479   
5.42279  2.01279  
5.21598  1.78597   
4.90756  2.12756   
5.11967  2.10966   
3.82230  2.00230   
5.40644  2.39644   
5.45913  2.67913   
5.19870  2.23870   
3.17009  1.47009   
5.24175  2.03175   
3.72316  1.46316   
5.55228  2.33228   
4.73159  1.53159   
4.57875  2.01875   
5.20492  1.97492   
5.48485  2.12485
3.80749  1.36749   
4.30134  1.54134   
4.51669  1.62669   
5.77334  2.19334   
5.25213  2.13213   
4.61742  1.94742   
5.75228  2.63228  
6.08836  2.52836   
5.44545  2.21545   
4.43694  1.80694   
5.22606  2.50606   
4.97989  1.90989   
5.68823  2.72823   
3.26957  1.61957   
4.91193  1.81193  
5.85138  2.47138   
4.96644  1.98644   
5.77644  2.49644  
3.18768  1.35768   
3.82290  1.22290   
4.67921  1.90921   
5.06776  2.47775   
4.58122  2.47122  
4.33698  1.52698   
4.67933  1.68933   
5.38539  2.96539   
3.98506  1.67506   
2.96627  1.70627   
5.37496  2.46496   
6.52457  2.93457 
6.40616  3.51616   
4.17491  1.66491   
4.80074  2.44074   
4.80567  2.43567   
4.32983  2.08983   
4.17102  1.75102   
4.66707  1.96707   
6.16828  2.58828  
3.73099  1.51099   
5.38288  1.67289   
5.42629  2.24629   
5.07742  2.50742   
4.17815  1.47815   
5.13039  1.66039   
6.02783  2.72783   
5.49127  2.44127   
4.62327  1.90327   
5.17902  2.66902   
4.63534  1.71534   
4.51890  2.42890   
4.15527  1.84527   
4.33346  1.89345   
4.55431  1.85431   
3.60027  1.18027  
5.15002  1.87002   
5.51190  2.31190   
4.11609  2.06609   
5.39597  1.97597   
5.85470  3.06470   
4.78027  2.03027   
4.56221  2.36221   
4.58066  1.77066   
3.78805  1.60805   
4.54814  2.04813   
4.84686  1.76686   
4.45489  1.50489   
5.91309  2.25309   
5.75349  2.73349   
5.31170  2.46170   
4.94594  2.35594   
5.16546  2.45546   
5.68909  3.02909   
5.74650  2.66650   
5.72156  2.78156   
5.59641  2.57641   
5.59926  2.73926   
4.18694  1.54694   
6.34765  2.89765   
6.22243  2.87243   
5.22305  2.26305   
3.40649  1.02649  
4.84064  2.63064   
6.11789  2.94789   
5.19303  2.21303   
5.57597  2.83597   
5.10906  2.51905   
4.54400  1.81400   
4.63344  1.77344   
4.13109  1.32109   
4.81868  2.12868   
5.61521  2.68521   
5.23764  2.82764   
5.58672  2.56673   
3.87276  1.72276   
4.72657  2.02657   
4.25814  1.76814   
5.29189  2.44189   
4.90303  2.21303   
4.59175  2.48175   
4.86710  1.60710   
3.67268  1.09268   
3.92050  1.35050   
5.42141  2.03141   
1.99042 -1.10958   
4.46143  2.28143   
5.65714  2.35714   
4.95710  1.41710   
4.98831  1.59831   
4.78388  2.67388   
6.62067  3.52067   
5.86607  3.13607   
3.16180  0.831799  
5.79345  2.70345   
2.98543  0.725433  
5.67592  2.51592   
5.16281  2.31281   
5.07829  2.33829   
4.88771  1.91771   
4.37267  1.92267   
4.12485  1.74485   
5.88315  2.56315  
