8.32510  5.51232
10.3459   7.22199
8.99879  6.09551
8.89480  5.92755
8.19699  4.58778 
8.53230  5.41046 
8.83738  5.71102   
9.23087  5.88397   
9.46968  6.63670   
9.38587  6.18668   
9.40428  6.29597   
8.95992  5.59840   
8.89354  5.85957   
9.38377  6.63705   
9.61102  6.45504   
8.81287  5.73311   
9.16894  6.26960   
9.03328  5.95183   
9.54169  6.51878   
9.77147  7.09197   
9.10946  6.23762   
10.0795   6.80647  
9.47451  6.70586   
9.26026  6.81979   
8.99493  5.71340   
9.22270  6.45479   
8.67186  5.63744   
8.64999  5.45793   
9.05213  6.50226   
8.86350  5.91908   
9.31760  6.81161   
8.57080  5.76772   
10.2456   7.05883   
9.66007  6.86548   
8.87165  5.55653   
8.86932  5.64875   
8.76719  5.12102   
9.68872  6.70343   
9.64463  6.60750   