2.85000  0.530000 
3.76000  1.36000  
5.09000  1.96000  
4.03000  1.49000  
3.72000  1.36000  
4.14000  1.49000  
4.56000  1.41000  
4.82000  2.22000  
5.45000  1.72000  
4.26000  1.38000  
5.75000  2.34000  
6.05000  2.78000  
4.27000  1.46000  
5.98000  3.03000  
5.29000  2.89000  
5.36000  2.23000  
6.24000  2.88000  
5.48000  2.17000  
4.68000  1.40000  
6.69000  3.44000  
6.06000  3.12000  
6.60000  3.40000  
4.10000  1.53000  
4.53000  1.74000  
5.03000  1.69000  
6.32000  2.68000  
5.16000  2.26000  
5.71000  2.42000  
5.71000  2.26000  
5.29000  2.11000  
5.70000  0.290000 
4.70000  2.39000  
4.92000  0.930000 
5.29000  2.40000  
4.35000  1.56000  
4.47000  1.86000  
2.47000  0.380000 
3.16000  0.480000 
4.78000  1.74000  
3.47000  0.650000 
4.78000  2.02000  
3.96000  1.23000  
2.43000  0.410000 
3.56000  0.990000 
2.97000  0.630000 
1.95000  0.110000 