   43.281    2.176  1
   91.903    7.797  1
   91.903   12.068  1
   39.296    0.842  1
   94.313    1.279  1
  173.109    3.060  1
   99.986    2.749  1
  134.441    1.781  1
  134.927    0.805  1
   51.402   20.837  1
   71.843   21.271  1
   59.235   22.124  1
   35.665   10.222  1
   51.857   13.589  1
   62.710    0.786  1
   68.568    9.394  1
   68.921    5.385  1
   34.465   16.854  1
   40.530   19.290  1
   46.811   25.841  1
   31.894   10.631  1
   45.861    3.501  1
   44.375    3.573  1
   59.956   19.552  1
   51.038   15.440  1
   51.038   18.277  1
   38.241   13.835  1
   70.784   21.382  1
   48.510    3.965  1
   57.066   19.204  1
   56.574   19.225  1
   51.698    4.336  1
   69.023   26.089  1
   90.039   37.806  1
   90.039   45.347  1
   78.487   28.646  1
   53.404   34.064  1
   82.179   12.838  1
   91.986   39.721  1
   57.500   20.633  1
   75.214    9.563  1
   94.352   46.970  1
   79.535   47.343  1
   71.971   10.391  1
  108.029   42.691  1
  108.029   35.831  1
  108.029   33.130  1
  111.575   49.322  1
  121.554   34.087  1
   80.369   62.918  1
   88.704    4.896  1
  101.886   37.800  1
   72.928   22.282  1
   83.718   20.014  1
  126.056   49.084  1
   65.796    2.915  1
   71.066   19.545  1
  119.380   91.951  1
  130.669  115.470  1
  130.669  123.126  1
   76.713   43.079  1
   71.351   38.357  1
  114.240   97.109  1
   98.452   77.131  1
  113.438   87.538  1
  102.610  171.279  1
  140.298  135.977  1
  113.438  100.516  1
  133.821  193.505  1
  133.821  195.729  1
  140.298  198.778  1
  113.438   87.476  1
  113.438  116.792  1
  125.763  344.730  1
  149.950  276.212  1
  125.763  308.676  1
   80.736    4.377  1
  125.763  300.990  1
  115.860  163.861  1
  149.950  232.805  1
  125.763  253.502  1
  115.860  193.922  1
   90.781  158.442  1
  168.703  121.383  1
   84.509    3.201  1
  168.703  184.966  1
  206.484   51.646  1
  168.703  250.937  1
  152.476  294.426  1
  217.210  312.205  1
  217.210  131.617  1
  226.443   69.442  1
  162.976  223.216  1
  147.463  333.108  1
  162.976  140.766  1
  197.405  109.584  1
  107.694   25.418  1
  155.354  214.301  1
  197.405  132.350  1
  155.354  230.292  1
  176.407  143.220  1
  176.407  193.098  1
  197.405   91.496  1
  176.407  180.067  1
  162.006  176.145  1
  126.827  176.407  1
  126.827  175.583  1
  126.827  127.469  1
   58.926   16.165  1
  136.403  204.272  1
  136.403  158.369  1
  136.403   43.599  1
   72.872   12.816  1
  120.194   46.219  1
  166.022  101.195  1
  166.022  157.103  1
  166.022  175.025  1
  166.022  159.254  1
  166.022  161.183  1
  133.937   88.405  1
  166.022  161.769  1
  166.022  142.864  1
  168.310  159.549  1
  191.119  165.016  1
  191.119  185.337  1
  191.119  133.505  1
  191.119  147.145  1
  192.660   91.768  1
  189.868   76.778  1
  189.868   95.069  1
  189.868   88.574  1
  189.868   70.791  1
  154.587   52.192  1
  183.193   55.158  1
  183.193   57.460  1
  183.193   74.884  1
  181.941   23.989  1
   41.949    8.258  1
  161.539   44.133  1
  188.191   38.551  1
  188.191   33.189  1
  188.191   27.402  1
  203.970   46.324  1
  231.638   43.725  1
  199.536   53.108  1
  199.536   86.084  1
  206.625   22.085  1
  199.536   76.094  1
  199.536   72.181  1
  162.315   34.874  1
  172.895   43.054  1
  182.318   60.474  1
  200.880   29.413  1
  200.880   26.265  1
  200.880   46.476  1
  166.475   26.745  1
   51.028    9.073  1
  213.450   35.730  1
   93.343   13.891  1
  162.976  222.456  1
   50.718    1.023  1
   70.339   10.565  1
   94.395    9.021  1
  105.665   15.000  1
  110.325   12.012  1
   36.963    1.830  1
   36.105    2.216  1
   20.401    0.458  1
   67.599    3.066  1
   59.284    2.741  1
   72.627    2.300  1
   62.998    3.807  1
  140.096    9.626  1
  140.096   12.299  1
  152.974   20.707  1
  145.273    8.338  1
  157.782    8.800  1
   51.835    5.061  1
   52.185    3.520  1
  136.648    8.776  1
   63.135    2.969  1
   80.022    3.333  1
   74.413    5.730  1
  155.121   38.297  1
  155.121   41.675  1
  155.121   49.092  1
  155.121   52.773  1
   70.885    2.574  1
  151.538   93.216  1
  151.538   67.881  1
  153.564   97.552  1
  126.308   94.636  1
  126.308   78.703  1
  153.564   88.972  1
  126.308   70.478  1
   54.319   10.374  1
   85.538    7.522  1
   62.208    8.994  1
   94.952    6.911  1
   81.195    7.736  1
   94.952    6.222  1
  100.439    3.579  1
  111.525    5.627  1
   72.383    3.413  1
   57.962    6.025  1
   73.965    5.902  1
   93.180    6.846  1
   93.180    7.010  1
   83.092    2.132  1
   61.260    2.191  1
   11.889    1.508  1
   56.462    2.671  1
   52.695    2.486  1
   46.751    1.232  1
  122.334    3.972  1
  204.398   18.225  1
  202.075   21.677  1
  167.635   11.641  1
  202.075   50.552  1
  202.075   43.498  1
  202.075   76.038  1
  181.383   21.255  1
  202.075   45.034  1
  209.693   38.407  1
  209.693   26.045  1
  211.484   24.863  1
  253.034   23.483  1
  253.034   29.579  1
  255.081   18.564  1
  255.081   18.212  1
  255.081   18.230  1
  272.944   13.930  1
  231.221   10.427  1
  144.153    5.936  1
  255.888   10.427  1
  171.776    7.434  1
  171.776    7.093  1
   13.482    0.642  1
  137.304    4.176  1
  138.307    2.531  1
  149.652    2.380  1
  111.313    3.835  1
  153.049    4.790  1
  138.237    4.058  1
  138.237    4.665  1
  151.101    4.790  1
  127.077    5.712  1
  227.256   33.922  1
  261.500   87.574  1
  273.811  100.730  1
  253.407  115.430  1
  273.811  183.742  1
  273.811  168.440  1
  264.077  168.437  1
  264.077  216.053  1
  264.077  167.861  1
  264.077  136.310  1
  264.077  134.228  1
  264.077  179.909  1
  116.490    6.444  1
  254.774   38.043  1
  198.481   40.930  1
   90.500   18.526  1
  184.681   56.416  1
   96.716    3.249  1
   78.192    3.458  1
   80.973    3.324  1
  104.475    4.689  1
   49.929    0.727  1
   78.320    2.611  1
   70.358    7.234  1
   65.605    6.447  1
   94.923    2.355  1
   55.828    1.762  1
   10.920    0.335  1
   76.522    0.704  1
    5.872    0.415  1
   10.275    0.591  1
  138.159   23.092  1
  138.159   23.052  1
  162.797   15.457  1
  100.586    2.028  1
  114.450    4.444  1
   91.165    2.186  1
   89.253    5.363  1
   89.651    8.852  1
   89.651    8.759  1
  189.757   15.476  1
  189.757   17.557  1
  189.757   17.879  1
  189.757   16.099  1
  208.047   15.711  1
  188.165    4.756  1
  103.903    8.456  1
   80.495   25.440  1
   51.625    0.488  1
  119.087    2.083  1
   95.876    4.574  1
  101.037    4.002  1
  135.829    5.071  1
  108.891    7.451  1
  108.891    8.186  1
  108.891    8.124  1
  149.207    8.156  1
  149.502    8.421  1
  149.207    7.600  1
  190.704   11.571  1
  190.704   12.273  1
  155.395    8.535  1
  155.112    7.097  1
  158.860   17.318  1
  170.767   11.305  1
  189.113   37.310  1
  195.992   47.934  1
  204.068   39.899  1
  175.556   29.066  1
  181.156   59.745  1
  180.401   29.308  1
  199.552   40.275  1
  181.156   59.097  1
  181.156   54.935  1
   86.568    4.037  1
  181.156   43.527  1
  207.163   23.484  1
  199.552   52.010  1
   97.522    2.015  1
  207.163   25.408  1
  200.459   41.719  1
  199.552   42.955  1
  200.459   20.545  1
   87.811    3.242  1
  200.459   22.732  1
  211.863   12.097  1
  195.189   11.332  1
   97.929    3.161  1
   59.824    2.068  1
  150.804    3.758  1
  198.282    5.808  1
  147.024    2.138  1
  147.024    3.141  1
  168.086    5.594  1
  173.401    5.460  1
  152.968    4.482  1
  130.337    4.079  1
  130.337    3.134  1
  129.926    3.551  1
  157.194    1.831  1
   43.830    0.556  1
   58.214    0.785  1
   67.894    0.785  1
   56.880    0.589  1
  110.937    1.338  1
  106.695    1.524  1
   69.705    3.692  1
   69.705    3.732  1
  103.409    3.089  1
   50.608    0.220  1
  126.141    1.684  1
   89.893    2.599  1
   47.015    0.651  1
   98.076    2.429  1
  111.550    3.649  1
  149.374    6.078  1
  127.907    9.431  1
  127.907   10.070  1
  184.756   35.489  1
  138.159   25.043  1
   70.151    0.227  1
  144.984    3.546  1
  182.161   53.921  1
  184.515   54.266  1
  175.663   26.926  1
  184.515   61.080  1
  175.663   18.567  1
  175.663   14.596  1
  138.395   10.775  1
  125.020    9.886  1
   93.243    5.311  1
  123.893    6.057  1
  125.392    4.876  1
  146.471   60.769  1
   44.190    1.014  1
   46.195    2.011  1
   56.520    0.947  1
  116.802    2.506  1
  130.987    6.723  1
  120.735    4.274  1
  149.017    5.313  1
  175.160   22.781  1
  153.581   26.079  1
  153.581   23.677  1
  156.320    6.798  1
  153.581   21.487  1
   15.937    0.568  1
  101.745    1.786  1
  161.801   34.190  1
  170.904    7.855  1
  176.705   61.604  1
  258.748   41.085  1
  226.824   62.179  1
  221.743   71.167  1
  320.747   78.410  1
  320.747   82.679  1
  320.747   93.916  1
  326.496  136.985  1
  320.747  120.110  1
  361.274  165.183  1
  348.829  272.033  1
  348.829  226.482  1
  216.874  186.052  1
  216.874  113.060  1
  348.829  333.452  1
  348.829  248.649  1
  361.274  260.123  1
  348.829  248.650  1
  216.874  326.675  1
  348.829  151.961  1
  316.203  157.690  1
  316.203  109.408  1
  294.328   54.110  1
   60.212    0.454  1
  259.864    6.180  1
   56.333    0.285  1
   82.490    0.535  1
  116.599    0.619  1
  148.653    0.430  1
  148.653    0.482  1
   44.785    0.438  1
  348.829  231.408  1
   52.211    0.177  1
   60.887    0.813  1
  149.678    4.284  1
  142.373    5.517  1
  160.308    8.734  1
  140.138   14.401  1
  140.138   18.873  1
  140.138   19.675  1
  140.138   16.755  1
  140.138   14.995  1
  149.672   22.074  1
  149.672   22.945  1
  147.866   15.019  1
  147.866   13.840  1
   44.265    2.891  1
  183.406    9.841  1
  131.310   21.549  1
  131.310   17.004  1
  131.310   19.491  1
  163.532   17.004  1
  146.200   25.827  1
  131.310   19.040  1
  146.472   22.557  1
  126.222   24.200  1
  121.705   24.419  1
  131.748   14.100  1
   37.250    7.675  1
  204.109   21.967  1
  137.878   21.635  1
  125.717   17.356  1
  126.307    5.880  1
  190.058    5.641  1
  194.678   10.186  1
  213.407   26.752  1
  126.307    6.740  1
  251.387   52.401  1
  153.429   21.667  1
  258.243   46.496  1
  258.243   48.337  1
  229.183   72.874  1
  258.243   97.611  1
  168.055    9.083  1
  246.726   43.890  1
  111.039    3.200  1
  192.328   23.525  1
  240.720   29.849  1
  135.366    8.363  1
  192.328   28.229  1
  193.719   23.254  1
  196.415   41.325  1
  117.552    2.079  1
  157.054   14.973  1
  157.054   14.363  1
  110.331    2.473  1
  110.331    2.251  1
  126.583    5.032  1
  196.038   10.039  1
  175.804    8.474  1
   12.922    0.009  1
   22.484    0.567  2
   41.373    2.168  2
   50.075    3.773  2
   50.075    4.297  2
   61.157    5.207  2
   61.157    4.870  2
   61.157    4.480  2
  129.928    4.297  2
  129.928    4.084  2
  129.928    4.246  2
   81.909    6.776  2
   86.761    5.609  2
   74.804    3.557  2
  155.047    2.812  2
  153.161    1.537  2
  153.161    1.227  2
  153.161    1.215  2
   32.382   24.054  2
   25.242    3.235  2
   70.261    8.099  2
   54.407   25.971  2
   31.097   23.429  2
   31.097   24.052  2
   45.214   28.070  2
   54.407   32.222  2
   54.407   28.792  2
   45.398    8.202  2
   31.074    8.272  2
   31.847   27.629  2
   31.847   31.229  2
   63.201    7.442  2
   97.519   22.763  2
   97.519   22.344  2
   33.599   36.821  2
   87.393   26.700  2
   18.642    0.568  2
   34.377   32.980  2
   40.661   16.396  2
   63.201    8.653  2
   34.377   34.521  2
   50.145    0.715  2
   31.034    5.788  2
   56.050   12.363  2
   56.050   12.695  2
   75.697   22.451  2
   38.248   33.923  2
   34.377   35.101  2
   69.465   22.475  2
   40.661   17.405  2
   75.697   26.269  2
   71.843   19.921  2
   38.248   22.314  2
   34.377   41.100  2
   34.377   31.229  2
   31.097   26.875  2
   24.664   15.402  2
   58.236    5.991  2
   42.102   36.154  2
   58.014   22.763  2
   61.624    3.964  2
   32.544   26.042  2
   53.220   37.951  2
   32.698    6.794  2
   24.976    1.704  2
   49.118    1.812  2
   49.272   22.517  2
   24.664   14.331  2
   59.235   23.331  2
   53.782   12.198  2
   59.235   26.139  2
   49.272   22.343  2
   42.102   28.991  2
   53.220   23.667  2
   32.861    7.472  2
   60.374   21.775  2
   53.907   22.152  2
   52.666   16.355  2
   52.666   18.142  2
   44.997   17.139  2
   53.907   20.773  2
   41.569   20.773  2
   52.666   13.653  2
   60.374   27.093  2
   49.289   28.831  2
   29.229    3.651  2
   43.503   22.344  2
   44.948    3.621  2
   38.106    2.181  2
   37.618   24.655  2
   32.091    2.984  2
   37.618   26.183  2
   41.460   21.539  2
   28.158    0.567  2
   37.618   28.400  2
   37.036   14.747  2
   36.639    1.279  2
   30.135    8.309  2
   36.048   13.421  2
   43.503   24.656  2
   37.618   35.841  2
   36.048   10.767  2
   33.498    1.369  2
   33.743   13.315  2
   31.527   16.228  2
   36.639    1.430  2
   38.903   28.706  2
   36.491   30.589  2
   42.941    6.641  2
   42.941    6.019  2
   42.544    5.038  2
   39.711   24.026  2
   38.903   31.443  2
   38.903   20.945  2
   39.711   13.499  2
   47.245    2.981  2
   46.279   19.954  2
   28.217    2.045  2
   45.743   22.883  2
   45.743   28.151  2
   47.245    2.699  2
   45.363   17.789  2
   48.843   11.438  2
   56.406    6.434  2
   54.889    6.728  2
   58.771    8.908  2
   52.776    3.630  2
   41.362    2.490  2
   43.801   15.929  2
   44.306   10.919  2
   43.801   13.801  2
   45.647    2.484  2
   45.647    2.164  2
   62.040    5.515  2
   32.709    0.608  2
   40.245    2.250  2
   59.424    6.475  2
   49.538    2.110  2
   59.424    7.591  2
   54.406    7.815  2
   52.067    2.332  2
   34.692    5.245  2
   45.957    2.506  2
   52.067    2.684  2
   40.261    1.267  2
   52.067    3.608  2
   42.119    1.999  2
   31.407    5.206  2
   48.004    2.974  2
   27.705    1.430  2
   57.951    6.632  2
   32.040    2.482  2
   51.633    8.272  2
   48.851    6.991  2
   48.073    9.262  2
   48.554    9.063  2
   27.673    2.247  2
   48.073    7.039  2
   48.554    7.364  2
   48.554    7.167  2
   27.890    4.481  2
   31.964    9.124  2
   27.338    8.551  2
   23.388    3.833  2
   36.472    9.421  2
   42.446    4.708  2
   38.992    6.861  2
   17.367    1.770  2
   27.928    6.862  2
   18.488    2.277  2
   27.928    5.332  2
   20.062    1.989  2
   28.922    4.900  2
   14.936    0.438  2
   18.820    1.506  2
   29.040    4.962  2
   13.749    1.413  2
   11.763    0.553  2
   23.043    3.956  2
   26.262    3.726  2
   23.292    3.842  2
    8.704    1.537  2
   27.381    3.052  2
    7.627    2.777  2
   16.644    0.518  2
   16.644    0.521  2
   25.604    3.408  2
   10.410    3.881  2
   30.925    3.144  2
   30.925    3.229  2
    2.316    1.960  2
   16.052    3.682  2
   17.247    0.383  2
   10.706    1.289  2
   17.953    3.581  2
    7.701    3.048  2
    9.779    1.756  2
   17.539    5.463  2
   18.761    3.282  2
   18.931    1.939  2
   17.539    5.625  2
    8.804    6.463  2
   16.609    0.344  2
   19.149    3.847  2
   21.432    3.496  2
   18.615    3.432  2
   18.615    3.081  2
   23.458    5.400  2
   23.816    3.915  2
   22.658    3.600  2
   15.518    0.271  2
   15.721    0.689  2
   -1.278    0.592  2
   24.146    5.375  2
   24.637    3.987  2
    7.509    0.281  2
   -0.085    1.185  2
   14.532    1.544  2
   19.970    1.668  2
   10.113    0.651  2
   18.890    0.540  2
    7.686    0.331  2
   14.538    1.011  2
   11.855    0.960  2
   11.714    0.760  2
   10.416    0.503  2
    7.161    0.815  2
    4.876    0.273  2
    2.851    0.561  2
    3.445    0.471  2
    4.068    0.477  2
   10.003    0.321  2
   13.237    0.242  2
   14.732    0.218  2
   71.075    9.619  2
   41.962   13.229  2
   41.962   12.108  2
   33.008   12.108  2
   33.008   11.277  2
   33.008   11.302  2
   42.002    9.024  2
   38.809    6.455  2
   45.114   11.004  2
   31.739    3.443  2
   54.892    8.767  2
   48.897    4.317  2
   45.114   11.523  2
   59.154    3.824  2
   40.097    1.978  2
   40.530   22.627  2
   40.097    1.892  2
   40.530   27.730  2
   43.901   26.003  2
   33.422    2.321  2
   59.956   13.187  2
   37.347    1.643  2
   59.956   13.669  2
   41.873   11.152  2
   55.671    5.644  2
   46.811   31.613  2
   53.712   22.273  2
   40.939    3.421  2
   35.375    2.332  2
   46.811   20.046  2
   41.873    9.227  2
   37.423    2.181  2
   36.534    1.717  2
   59.956   12.230  2
   41.873    9.065  2
   46.811   20.657  2
   35.375    2.081  2
   72.281   10.598  2
   66.686    3.468  2
   80.229    6.431  2
   72.281   11.175  2
   40.515   17.533  2
   57.042   14.203  2
   34.735   15.705  2
   72.281    9.730  2
   64.985    4.094  2
   46.739   17.153  2
   54.912    5.340  2
   72.412    5.221  2
   40.270   18.188  2
   41.195   13.799  2
   52.793    2.226  2
   44.776   14.412  2
   45.516    8.655  2
   40.270   19.257  2
   42.898   11.940  2
   42.366   15.677  2
   38.241   13.360  2
   38.241   14.031  2
   58.574    4.706  2
   44.189   10.472  2
   36.940   14.980  2
   51.038   16.615  2
   36.940   15.672  2
   42.366   14.709  2
   51.038   23.709  2
   61.034   13.358  2
   61.034   18.371  2
   55.181    4.952  2
   48.191    5.044  2
   54.501    3.455  2
   57.297    3.470  2
   61.034   12.208  2
   60.763    3.934  2
   58.370   22.352  2
   48.191    5.113  2
   27.435    9.160  2
   66.475   19.615  2
   57.006   16.615  2
   57.006   15.920  2
   27.435   10.905  2
   53.281    2.934  2
   55.442    5.611  2
   55.553    9.701  2
   57.006   17.446  2
   78.667   15.870  2
   57.238   15.500  2
   70.443    5.816  2
   45.485    7.959  2
   78.667   16.025  2
   59.770    3.487  2
   35.872   14.026  2
   35.872   13.539  2
   64.974   14.720  2
   57.238   15.855  2
   52.456    1.491  2
   75.293   14.388  2
  119.767   17.175  2
   96.427   25.406  2
   49.406   18.677  2
   52.018   13.222  2
   62.445   17.446  2
   55.914    8.336  2
   75.293   20.060  2
   64.429    3.223  2
   50.272    1.370  2
   52.018   15.757  2
   75.293   25.323  2
   96.427   26.696  2
   75.293   24.102  2
   96.427   22.818  2
   44.967    3.912  2
   69.763   16.422  2
   50.552   25.923  2
   82.206   13.404  2
   58.454   13.589  2
   64.583    3.947  2
   84.242   18.102  2
   52.344    8.804  2
   69.763   20.061  2
   57.783   19.451  2
   84.242   21.051  2
   54.704   27.179  2
   77.227   23.700  2
   84.242   24.131  2
   77.848   23.934  2
   82.206   16.678  2
   84.242   22.004  2
   77.227   29.794  2
   50.989    7.782  2
   57.002   23.796  2
   57.002   20.741  2
   66.261   19.416  2
   58.950   15.598  2
   57.002   38.593  2
   57.002   37.003  2
   72.780    4.686  2
   69.023   34.711  2
   69.023   33.129  2
   72.780    4.304  2
   71.363   36.378  2
   56.185    3.594  2
   57.002   49.359  2
   58.470   27.048  2
   57.002   39.135  2
   54.012    7.724  2
   57.002   44.363  2
   97.166   24.421  2
   53.002    3.022  2
   63.585   12.441  2
  115.637   28.649  2
   57.151    2.367  2
   78.844   17.972  2
  109.195   20.659  2
  115.637   19.961  2
   53.404   34.975  2
   53.404   24.463  2
   78.487   35.627  2
   75.939   22.721  2
   51.904    8.353  2
   90.039   37.040  2
   90.039   44.361  2
   53.404   35.655  2
   76.752    5.063  2
   59.425    6.722  2
  109.195   27.320  2
   65.375   11.276  2
   51.353    9.694  2
   91.204   16.776  2
   82.179   13.281  2
   91.986   38.686  2
  101.841   25.841  2
   87.498   25.841  2
   73.044    4.569  2
   73.044    4.958  2
  130.165   43.361  2
   55.059   34.976  2
  101.841   21.482  2
  101.841   21.403  2
   55.059   31.400  2
   55.059   37.813  2
   51.353    8.209  2
   87.498   16.572  2
   56.786    4.600  2
   52.539   31.012  2
   48.697    9.537  2
   91.217   42.189  2
  121.837   54.079  2
  121.837   47.174  2
  121.837   45.143  2
   48.489   10.141  2
  121.837   53.656  2
   48.489   10.103  2
   91.217   53.269  2
  121.837   47.952  2
  121.837   37.299  2
   64.535   42.597  2
  124.873   28.267  2
   57.500   23.629  2
  124.873   33.540  2
   65.252    7.105  2
   57.500   23.773  2
   49.229    9.782  2
   88.890    6.108  2
   91.217   34.732  2
   98.699   16.066  2
   63.015   23.832  2
   53.953   11.996  2
   75.214    9.601  2
   94.352   44.235  2
   99.022    5.927  2
   93.548    6.623  2
   77.185    8.884  2
   79.535   41.770  2
   78.456   10.092  2
   79.403   11.131  2
   79.535   44.235  2
   69.107    9.457  2
   83.797   11.376  2
   74.541   10.673  2
   83.797   11.663  2
   94.352   45.777  2
   47.053    9.573  2
   87.399    6.265  2
   68.147   37.025  2
   74.432    7.243  2
   66.967    4.622  2
  100.771   32.895  2
   69.107   10.215  2
   55.418    5.209  2
   68.147   44.146  2
   81.917   14.241  2
  100.771   18.874  2
   74.432    9.076  2
   68.840   10.193  2
   68.840   10.536  2
   51.218   12.409  2
  108.029   34.087  2
   95.457   37.600  2
  105.688    9.109  2
   59.259   20.304  2
   95.457   44.089  2
   95.457   40.270  2
   71.403   15.617  2
   65.011   26.452  2
   65.011   29.399  2
   95.457   42.355  2
   75.874   18.276  2
   68.838   11.955  2
   65.011   25.617  2
   59.259   13.197  2
   68.838   12.337  2
  108.029   37.357  2
   91.675    5.856  2
  115.912   62.579  2
   80.069   14.404  2
   61.057   16.808  2
   64.848   25.683  2
  115.912   62.111  2
   83.278   13.498  2
  121.554   35.565  2
   66.598    8.543  2
   61.057   20.719  2
   84.086   18.404  2
   66.598    8.614  2
   80.069   18.889  2
  115.912   49.367  2
   84.086   18.553  2
   94.621   20.044  2
   61.057   20.951  2
  115.912   61.673  2
   80.369   48.917  2
  115.912   89.422  2
  121.554   25.335  2
   61.057   26.174  2
   64.848   23.360  2
   83.278   20.850  2
   76.707    8.150  2
   84.052    5.495  2
  115.912   68.364  2
   67.195   22.053  2
   92.771    5.927  2
   96.573    7.306  2
  123.667  121.480  2
   76.882   19.987  2
  123.667   62.918  2
   61.481   12.008  2
  126.056   41.742  2
   76.882   20.444  2
  123.667   74.565  2
   96.118   56.737  2
   68.506    7.939  2
   96.118  101.684  2
  123.667  106.749  2
   61.481   10.770  2
  123.667   88.226  2
  101.886   34.225  2
  104.549    4.919  2
   96.118  115.805  2
  126.056   58.689  2
  126.056   46.544  2
   67.195   29.021  2
  123.667  103.045  2
   67.195   22.492  2
   96.118   73.194  2
   72.928   18.979  2
   86.014  102.942  2
   86.014   88.056  2
   75.522    5.297  2
   92.828   41.422  2
   78.130   12.684  2
   92.828   27.861  2
   68.613    2.998  2
   86.014  130.378  2
   86.014  127.999  2
  113.217   63.333  2
  113.217   37.819  2
  109.996   91.586  2
  109.996   88.226  2
   83.542    3.631  2
   64.370    8.495  2
  109.996   97.468  2
   71.717   24.669  2
  109.996   91.748  2
   86.014   81.315  2
   84.405   73.196  2
   73.715   49.617  2
  113.217   63.304  2
   86.014   72.404  2
   66.824   10.115  2
   73.996   27.308  2
   84.405   70.527  2
   84.405  132.761  2
   73.715   34.100  2
   84.405   83.760  2
   86.263    7.995  2
  113.217   59.826  2
   71.717   27.711  2
   64.370    7.458  2
   84.166    6.182  2
   84.405   88.356  2
   84.405   90.168  2
  118.367   11.553  2
   71.717   30.478  2
   78.130   15.750  2
  109.996   88.262  2
   88.709  104.516  2
  119.380   86.038  2
   77.149  180.801  2
   74.491   39.136  2
  113.093   10.882  2
  141.343   12.252  2
  141.343   14.955  2
   75.489   42.422  2
   87.581   34.858  2
   77.149  126.148  2
  112.283   64.942  2
   77.149  108.023  2
   87.581   36.766  2
   87.581   43.917  2
   88.709   81.037  2
   77.149   83.760  2
   88.709   94.245  2
   77.149   70.527  2
   88.709   78.726  2
   87.581   36.219  2
  112.283   68.237  2
   87.581   45.008  2
   74.491   35.643  2
   74.491   52.391  2
  119.380  142.761  2
   74.491   38.862  2
  119.380   94.997  2
   75.489   38.999  2
   68.210    5.779  2
  119.380  105.169  2
  119.380  140.423  2
  119.380  113.564  2
   75.489   41.617  2
   74.185   25.810  2
  141.343   22.022  2
   63.593   27.578  2
   63.593   28.990  2
   88.709   71.842  2
  119.380  135.857  2
   66.169   19.685  2
   68.210   10.239  2
   62.736   42.572  2
   71.749   16.914  2
  112.283   65.953  2
   75.833   15.913  2
  111.542   93.123  2
  100.361   97.354  2
  133.338   16.749  2
  130.669  149.018  2
   72.356   51.059  2
   50.429   38.264  2
   78.971   42.986  2
   64.472   22.937  2
  120.446   33.585  2
   61.621   41.099  2
  100.361   72.163  2
  100.361   94.245  2
   79.813   21.913  2
  111.542  133.522  2
   78.971   40.724  2
   61.621   59.890  2
  130.669  165.038  2
  111.542   73.773  2
  133.338   22.937  2
   78.971   51.900  2
  130.669  143.594  2
   80.732   65.234  2
   64.472   23.680  2
   72.356   34.357  2
  111.542   97.134  2
  130.669  133.524  2
   72.686   16.922  2
  133.338   20.337  2
  100.052    3.830  2
   64.472   34.540  2
  130.669  135.198  2
  100.361  104.174  2
   64.472   25.071  2
  111.542  125.640  2
  100.361   84.198  2
   61.621   63.994  2
   72.686   22.685  2
  100.361  106.277  2
   50.429   44.222  2
  130.669  103.612  2
  130.669  135.200  2
   80.732   96.732  2
  115.746    3.682  2
  100.361   85.771  2
  111.542  111.111  2
   50.429   49.011  2
   66.799   33.982  2
  130.669  121.329  2
   78.971   59.213  2
   72.356   34.948  2
   79.813   27.327  2
  126.792  105.314  2
  114.240  146.620  2
  126.792   98.100  2
  120.548   12.870  2
   98.452  113.649  2
   64.702   75.373  2
   65.228   11.140  2
   87.613  187.164  2
   72.978   25.806  2
   87.613  200.231  2
   87.613   70.797  2
  126.251   25.841  2
   65.228   11.042  2
   64.702  108.258  2
   71.351   40.239  2
   65.228   13.315  2
  126.792   85.773  2
  126.251   28.788  2
   98.452  107.134  2
   87.613  165.961  2
   76.922   41.361  2
   76.922   37.680  2
   98.452  149.542  2
   66.799   43.096  2
  114.240  136.564  2
   87.613  190.672  2
  114.240  151.772  2
   98.452  117.887  2
  114.240  184.372  2
   87.613  109.424  2
   87.613  171.226  2
   71.351   45.852  2
   87.613  200.347  2
   98.452  174.531  2
  114.240  138.312  2
  114.240  165.964  2
   72.978   22.947  2
   98.452  110.247  2
  114.240  114.550  2
   99.153    4.102  2
  114.240  102.929  2
  114.240  203.109  2
   64.702  161.778  2
  114.240  170.878  2
   64.702  137.947  2
   98.452  155.487  2
  120.548   16.231  2
  126.792   84.559  2
   64.702  182.655  2
   76.405   53.104  2
   66.799   88.105  2
   64.702  140.631  2
   74.488   10.554  2
  126.792   87.979  2
   64.702  189.938  2
  102.610  174.869  2
  117.535   78.244  2
   78.233  255.128  2
  140.298  123.192  2
  102.610  228.210  2
  113.438  120.909  2
  133.821  145.690  2
  145.481   16.137  2
  117.535   62.573  2
  113.438   65.598  2
   90.135   37.673  2
   64.796   36.728  2
  117.535   78.288  2
   78.233  155.489  2
   78.233  173.071  2
   78.233  177.566  2
  133.821  136.244  2
  113.438  128.159  2
   78.233  151.270  2
   62.302   11.404  2
  133.821  122.678  2
   64.796   42.757  2
  140.298  139.895  2
   74.488    6.919  2
  133.821  167.081  2
  102.610  113.858  2
  145.481   16.872  2
   64.796   31.012  2
  133.821  157.984  2
   61.749   29.452  2
   78.233  159.912  2
  113.438  124.019  2
  145.481   18.368  2
  133.821  158.380  2
  140.298  150.613  2
  102.610  177.448  2
  102.610  190.151  2
  102.610  163.216  2
  140.298  218.714  2
  102.610  185.703  2
  133.821  250.741  2
  113.438  120.564  2
  133.821  179.274  2
  102.610  188.267  2
   78.233  125.656  2
  113.438  136.245  2
  113.438   90.780  2
  140.298  276.572  2
   69.195    3.089  2
  140.298  251.340  2
  140.298  315.085  2
  133.821  183.287  2
  140.298  224.319  2
  133.821  131.242  2
   90.135   70.411  2
   64.796   41.430  2
  165.505   66.427  2
  125.763  394.485  2
  165.505  166.817  2
  149.950  230.985  2
   62.346   52.453  2
  165.505   56.512  2
  125.763  238.543  2
  165.505  163.189  2
  149.950  307.539  2
   47.699   11.640  2
  149.950  272.842  2
   90.781  118.774  2
  149.950  303.739  2
   65.262   45.764  2
  165.505  135.971  2
  125.763  262.725  2
  149.950  263.095  2
   58.428   40.481  2
  125.763  371.077  2
  125.763  329.536  2
   90.781  130.478  2
  149.950  343.651  2
  180.027   24.620  2
  125.763  371.078  2
  149.950  272.845  2
   65.262   40.016  2
   68.227    3.017  2
  125.763  324.992  2
  115.860  162.758  2
  149.950  275.808  2
  125.763  384.785  2
  115.860  155.609  2
   90.781  158.440  2
   84.358    3.087  2
  149.950  226.605  2
   90.781  187.238  2
  149.950  262.393  2
  149.950  271.459  2
   68.917    8.128  2
  165.505  173.430  2
   62.346   85.441  2
  165.505   79.870  2
  149.950  238.206  2
  125.763  235.620  2
  115.860  220.821  2
   90.781  107.046  2
  152.696   22.067  2
   62.346   94.507  2
  125.763  361.468  2
  165.505  156.678  2
  149.950  244.198  2
  125.763  273.175  2
  125.763  232.172  2
  115.860  115.405  2
   62.346   55.361  2
   65.262   43.939  2
   50.295    6.428  2
  115.860  113.047  2
   65.262   29.453  2
  149.950  218.911  2
  115.860  119.699  2
   90.781  202.442  2
   70.403    3.781  2
   61.993   27.266  2
   90.781  218.966  2
  115.860  118.031  2
   90.781  137.899  2
   58.428   50.974  2
   65.262   37.675  2
  125.763  210.829  2
  149.950  207.909  2
  165.505  154.396  2
  115.860  162.758  2
  171.580   20.852  2
   58.428   43.939  2
   90.781  187.239  2
  162.645  177.866  2
  171.580   23.896  2
  152.476  134.484  2
  162.645  180.203  2
  142.634   16.070  2
  125.490  147.012  2
  162.645  204.617  2
   70.403    3.809  2
   83.380   38.146  2
  168.703  141.801  2
  125.490  104.512  2
   59.356   11.536  2
  104.824   55.788  2
  171.580   25.816  2
  162.645  204.620  2
   51.478    6.573  2
  152.476  164.286  2
   59.356    9.096  2
  162.645  163.969  2
   59.356    9.517  2
  220.753  122.188  2
  162.645  179.167  2
  125.490   78.199  2
  162.645  204.878  2
   59.147    3.145  2
  168.703  134.788  2
  125.490   67.827  2
  152.476  158.408  2
  171.580   34.897  2
  152.476  146.114  2
  206.484   42.796  2
  220.753   60.244  2
  104.824   31.752  2
  162.645  132.325  2
  168.703  218.476  2
  152.476  240.204  2
   72.407   22.641  2
   71.808   38.085  2
  206.484   43.905  2
  152.476  145.258  2
  162.645  165.508  2
   83.380   32.394  2
  206.484   43.105  2
  125.490   69.999  2
   71.808   37.113  2
  206.484   49.158  2
  162.645  264.017  2
  152.476  134.092  2
  220.753   67.397  2
  162.645  125.766  2
  152.476  110.292  2
  105.717   17.445  2
  152.476  129.648  2
  168.703  200.777  2
  152.476  230.617  2
  162.645  259.772  2
  168.703  462.080  2
  162.645  324.587  2
  168.703  280.699  2
   59.356    9.593  2
  162.645  233.473  2
  220.753  105.580  2
  152.476  323.850  2
  152.476  149.688  2
  125.490   98.990  2
  162.976  552.314  2
  144.717   32.670  2
  217.210  240.687  2
  162.976  313.797  2
  217.210  259.775  2
  217.210  247.658  2
  217.210  257.170  2
  162.976  536.605  2
  217.210  285.459  2
  162.976  418.450  2
  162.976  444.891  2
  162.976  222.176  2
  162.976  416.999  2
  147.463  414.608  2
  162.976  285.514  2
  109.746   12.628  2
  162.976  173.823  2
  132.171  117.653  2
  132.171   48.531  2
  170.741   52.054  2
  147.463  187.756  2
   89.837   23.105  2
  162.976  432.866  2
  147.463  152.678  2
  203.142   58.189  2
  147.463  110.902  2
  147.463  249.929  2
  226.443   70.290  2
   71.923   16.975  2
  162.976  280.690  2
  147.463  285.234  2
  217.210  181.487  2
  147.463  312.753  2
   89.837   28.076  2
   77.341    9.509  2
  203.142   59.238  2
  170.741   24.708  2
  147.463  312.954  2
  147.463  144.202  2
  203.142   73.105  2
  162.976  228.109  2
  147.463  327.022  2
  147.463  271.774  2
  170.741   42.671  2
  144.717   23.350  2
  217.210  117.443  2
  106.944   25.436  2
  170.741   27.939  2
  217.210  108.030  2
  132.171   62.309  2
   62.535    3.436  2
  147.463  299.002  2
  162.976  140.852  2
  162.976  191.819  2
  162.976  240.427  2
  203.142  154.336  2
  147.463  338.615  2
  147.463  319.770  2
  147.463  365.211  2
  197.405   98.769  2
  155.023  106.462  2
  155.354  269.980  2
  121.054   24.010  2
  155.354  162.722  2
  171.237  120.874  2
  121.054   18.469  2
  171.237  137.138  2
  171.237  156.118  2
  155.354  278.639  2
  176.407  152.189  2
  171.237  154.424  2
  132.033   70.949  2
  171.237  139.113  2
  197.405   90.777  2
  176.407  174.891  2
  155.023  160.850  2
  171.237  108.626  2
  171.237  174.153  2
  171.237  155.448  2
  132.033   43.031  2
   91.413   32.071  2
   80.253    3.881  2
  176.407  144.562  2
  197.405  109.732  2
  155.023   59.735  2
  197.405  121.056  2
  155.354  189.743  2
  155.354  137.567  2
   96.676   19.191  2
   46.425    2.488  2
  132.033   42.476  2
  155.354   84.909  2
  176.407  188.041  2
  176.407  188.041  2
  132.033   35.013  2
  155.023   62.649  2
  171.237  190.557  2
  171.237  165.628  2
  121.054   22.795  2
  197.405  110.403  2
  176.407  216.220  2
   69.432   22.156  2
  155.023   99.847  2
  171.237  124.305  2
  197.405  170.780  2
  121.161   95.037  2
  140.614  133.714  2
  121.161  116.978  2
  133.554   33.632  2
  154.795  137.569  2
  154.795  195.710  2
  154.795  153.254  2
  140.614  111.216  2
  162.006  266.707  2
  154.795  239.454  2
  133.554   52.505  2
  162.006   99.773  2
  154.795  146.206  2
  162.006  263.184  2
  133.554   44.618  2
  154.795  212.289  2
  162.006  304.055  2
  121.161  102.702  2
  140.614  103.842  2
  110.269   27.541  2
   71.864   13.670  2
  162.006  116.691  2
  154.795  297.091  2
  162.006  175.119  2
   92.125   25.418  2
   92.125   14.032  2
   59.395   12.560  2
  121.161   98.080  2
  140.614   87.773  2
  162.006  246.762  2
  154.795  263.188  2
  110.269   22.853  2
  110.269   41.467  2
  109.834   22.832  2
  121.161   95.260  2
  107.112   71.431  2
  154.795  376.204  2
  154.795  194.402  2
   92.125   18.208  2
  140.614   59.620  2
  154.795  131.580  2
  121.161   74.781  2
  162.006  236.764  2
  162.006  297.093  2
  140.614   60.180  2
  121.161   90.281  2
  107.112   46.618  2
  107.112   56.962  2
  107.112   60.397  2
  162.006  213.516  2
  162.006  235.298  2
  154.795  116.716  2
   55.602   12.791  2
   92.125   17.822  2
  131.576   32.583  2
  135.786  220.876  2
   88.063   56.352  2
   97.632   97.071  2
   68.920   19.191  2
  126.827   99.890  2
  126.827  234.648  2
   97.632   60.398  2
  126.827  211.459  2
  143.438   83.342  2
  131.576   30.852  2
  126.827  177.714  2
  131.576   26.121  2
  135.786   87.429  2
  135.786  114.965  2
   97.632   54.062  2
  135.786  172.269  2
   88.063   35.098  2
  135.786   86.038  2
   68.920   17.746  2
  126.827  229.399  2
  135.786  144.597  2
   97.632   60.047  2
  135.786  211.525  2
   72.818    2.639  2
  143.438   66.303  2
  126.827  114.591  2
   68.920   18.083  2
   88.063   45.165  2
  137.079   89.995  2
   46.720   19.820  2
  164.605  112.411  2
  143.379   48.249  2
   87.328   16.984  2
  143.379   48.714  2
   98.665   24.025  2
  164.605  120.742  2
  137.079  144.801  2
   61.344    8.119  2
   34.608    2.358  2
   73.675    3.510  2
  164.605   63.533  2
  164.605   54.646  2
   86.146   30.070  2
  137.079   86.483  2
   86.146   24.923  2
   43.842    2.817  2
  137.079  126.137  2
  137.079  153.532  2
  164.605   60.873  2
   95.019   35.844  2
   73.675    3.601  2
   86.146   28.942  2
   49.361    3.055  2
   86.146   26.683  2
  137.079   91.040  2
  137.079  103.138  2
   54.076   15.626  2
   40.707    4.738  2
   73.675    3.667  2
  136.403  103.139  2
  136.403  151.604  2
  136.403   91.784  2
   49.706    2.741  2
   35.857    2.456  2
   34.755    3.473  2
  136.403   71.231  2
   45.515   11.129  2
   45.515   11.024  2
  136.403   83.062  2
   70.342   20.204  2
   70.342   28.029  2
   54.148    5.691  2
   92.965   45.962  2
   70.342   34.799  2
  109.789   39.068  2
   92.965   33.100  2
   97.660   33.204  2
  120.194   37.741  2
   62.141    3.510  2
   36.115    3.041  2
   41.604    7.104  2
   97.660   30.535  2
   73.511   32.764  2
  120.194   58.614  2
   72.872   12.209  2
   54.681   11.221  2
   40.668    5.503  2
   72.872   14.911  2
   73.511   37.416  2
   54.681   10.646  2
   97.660   33.473  2
  120.194   73.799  2
   66.237    8.444  2
   62.115   17.755  2
   45.070    5.521  2
   74.578   14.358  2
   74.578   24.670  2
   40.144    7.206  2
  166.022  138.559  2
   74.578   27.640  2
   81.693   32.342  2
   74.578   20.267  2
   56.946   17.162  2
   80.658   22.353  2
  166.022  208.874  2
  133.937   79.793  2
  166.022  154.671  2
   56.946   12.587  2
  133.937   82.222  2
  166.022  173.333  2
  114.780   64.293  2
  133.937   94.937  2
   56.946   14.431  2
   48.020    2.663  2
  166.022  154.674  2
  166.022  161.847  2
  114.780   33.031  2
  133.937   97.134  2
   75.530   24.093  2
  122.370   24.877  2
  168.310  147.145  2
   75.530   21.005  2
   86.514   12.637  2
   38.121    5.130  2
  122.370   37.765  2
  168.310  157.743  2
   86.514   12.882  2
  168.310  122.755  2
   87.338   23.348  2
   35.578    3.330  2
  191.119   76.261  2
   29.850    3.067  2
  191.119   67.515  2
  123.323   36.416  2
  123.323   23.392  2
  191.119  151.352  2
  168.310  103.279  2
   33.968    7.034  2
   84.122   13.084  2
   53.196   10.382  2
  189.868  107.845  2
  192.660   57.419  2
   53.300    9.798  2
   50.891    7.108  2
  112.518   19.267  2
  143.336   16.825  2
  142.016   30.287  2
   50.891    8.926  2
   24.606    5.551  2
   41.836    3.736  2
   39.968    2.026  2
  183.193   76.779  2
   29.127    2.142  2
  183.193   88.576  2
   97.125   15.342  2
  154.587   44.322  2
  183.193   79.532  2
   45.354    3.759  2
   33.355    8.861  2
   44.123   13.413  2
   33.907    9.224  2
   60.048    8.833  2
  154.587   48.773  2
   44.862    7.407  2
  132.764   27.867  2
   44.862    9.224  2
   44.123   13.850  2
  132.764   25.780  2
   45.354    4.747  2
   42.924    5.119  2
   95.281    7.958  2
   48.756   12.664  2
  161.539   35.800  2
   45.354    5.651  2
   41.949    7.759  2
  131.756   27.313  2
   32.177    4.923  2
   38.514   12.660  2
   43.976    6.529  2
   98.937   15.508  2
   33.594    9.456  2
  185.290   32.663  2
  117.663   19.478  2
  203.970   36.717  2
  125.453   18.575  2
  125.453   19.938  2
  117.663   25.381  2
  117.663   25.595  2
   26.874    2.796  2
  183.261   22.492  2
  185.290   40.177  2
   57.257    9.392  2
  231.638   35.680  2
   91.926   12.644  2
   42.112    6.574  2
   54.399    8.884  2
  199.536   49.395  2
  119.604   22.628  2
  162.315   60.473  2
   59.139    5.859  2
   24.658    1.537  2
  199.536   64.501  2
   27.466    1.852  2
  199.536   79.011  2
  162.315   32.967  2
   33.486    6.863  2
  206.625   33.705  2
   40.129    4.747  2
   64.793   11.870  2
  234.131   34.933  2
  109.976   16.470  2
  200.880   27.626  2
  172.895   36.109  2
  182.318   34.511  2
   29.384    2.108  2
  109.976   14.566  2
   32.742    9.389  2
   32.742    9.666  2
  173.594   23.976  2
  234.131   33.600  2
   32.742    9.819  2
   41.105   12.305  2
  149.332   15.532  2
   63.836    4.931  2
   63.836    6.015  2
  135.692   18.405  2
  162.608   18.939  2
   36.798    9.072  2
  104.765   16.189  2
  135.692   17.125  2
  135.692   15.446  2
  104.765   28.982  2
  149.332   33.541  2
  166.475   17.337  2
   47.719    9.754  2
   40.759   10.744  2
   47.719    7.818  2
   47.719    7.492  2
  150.965   26.745  2
  179.632   34.153  2
   65.534   12.188  2
  198.115   18.867  2
   60.518    4.282  2
   51.524    7.459  2
  150.965   23.664  2
  150.965   28.096  2
  179.632   36.415  2
   65.534   15.414  2
  179.632   40.578  2
  195.330   17.899  2
  198.115   36.415  2
  155.730   19.469  2
   71.980   10.004  2
  189.258   32.062  2
   91.527   15.065  2
   67.091   11.509  2
   67.533    5.347  2
   45.695    2.547  2
  138.443   19.987  2
   67.091   13.690  2
  169.548   24.453  2
  189.258   34.772  2
  195.587   38.769  2
  169.548   18.541  2
  139.847   31.763  2
  139.847   41.495  2
   90.752   17.615  2
  132.358   48.494  2
  189.258   30.193  2
   85.880    6.998  2
   40.089    5.091  2
  103.951   19.721  2
   88.369   48.494  2
  103.951   17.935  2
   88.369   47.109  2
  168.350   41.504  2
  132.358   54.556  2
  168.350   43.920  2
   88.369   45.212  2
   91.850   16.344  2
  131.020   17.960  2
  168.350   43.735  2
   37.368    1.839  2
  132.358   65.519  2
   88.369   47.268  2
  132.358   48.359  2
  173.508   18.640  2
  103.951   19.150  2
   88.369   40.989  2
  173.508   20.560  2
  103.951   17.227  2
   30.853   10.112  2
   30.853   10.609  2
   44.987   20.856  2
   76.463   34.401  2
   93.343   13.746  2
   44.987   20.417  2
   44.987   25.732  2
   50.429   33.015  2
   88.300    8.944  2
  105.467   25.361  2
   83.985    5.918  2
   80.160    8.451  2
   44.987   30.550  2
   40.603   21.662  2
   30.616    4.524  2
   32.382   20.823  2
   40.415   20.343  2
   66.614   18.246  2
   87.393   16.357  2
   97.519   18.307  2
   33.599   25.144  2
  125.763  410.979  2
  125.763  243.290  2
  168.703  148.585  2
   22.779    0.461  2
   48.645    3.841  2
   25.426    2.529  2
   28.032    3.850  2
   28.116    4.245  2
   32.073    2.816  2
   28.903    1.461  2
   30.819    3.501  2
   22.181    1.168  2
   26.332    1.617  2
   32.941    2.009  2
   33.204    2.261  2
   33.711    0.902  2
   31.921    2.776  2
   29.358    2.723  2
   21.466    1.530  2
   34.755    4.304  2
   19.897    1.193  2
   39.599    1.578  2
   47.585    1.260  2
   27.482    2.578  2
   33.151    2.730  2
   40.352    2.582  2
   57.258    4.350  2
   51.448    3.251  2
   49.123    3.026  2
   47.475    9.021  2
   38.813    2.997  2
   51.415    2.730  2
   38.813    2.932  2
  101.548   10.308  2
  101.548    9.979  2
   90.303   15.913  2
  110.325   11.659  2
   53.667    2.665  2
  105.665   13.840  2
   45.295    2.741  2
   48.918    1.309  2
  103.986    5.595  2
   61.412    2.391  2
   57.697    2.331  2
   44.275    1.689  2
   58.239    2.225  2
   79.716    2.934  2
   54.339    2.218  2
   78.990    3.507  2
   85.093    1.831  2
   84.318    2.648  2
   59.213    1.210  2
   59.213    1.164  2
   64.677    1.724  2
   36.371    1.359  2
   58.756    1.117  2
   57.712    1.232  2
   30.813    0.995  2
   38.463    0.967  2
   50.599    1.139  2
   39.891    1.831  2
   54.639    1.230  2
   36.548    1.688  2
   35.054    2.741  2
   36.278    2.091  2
   35.444    1.723  2
   35.444    1.688  2
   24.097    0.960  2
   20.329    0.551  2
   15.364    1.702  2
   33.811    2.956  2
   26.673    0.869  2
   22.684    0.889  2
   33.120    1.729  2
   25.263    0.842  2
   18.283    0.441  2
   24.146    0.961  2
   27.715    1.635  2
   23.686    0.545  2
   24.667    1.535  2
   22.747    1.042  2
   28.883    0.555  2
   24.038    0.799  2
   24.196    0.864  2
   28.135    0.615  2
   26.790    1.103  2
   36.263    1.473  2
   32.211    1.415  2
   16.681    0.452  2
   19.052    1.032  2
   62.804    8.418  2
   63.201    8.792  2
   59.024    1.728  2
   47.982    2.386  2
   47.982    2.752  2
   39.712    2.698  2
   52.378    3.609  2
   50.326    3.042  2
   40.733    1.542  2
   92.881    1.611  2
   61.524    2.459  2
   59.451    2.300  2
   38.752    1.501  2
   85.003    1.787  2
   43.872    1.914  2
   71.229    2.789  2
   70.385    1.987  2
   65.906    2.860  2
   60.959    3.505  2
   81.287    5.866  2
   72.546    2.330  2
   38.822    1.502  2
   66.147    4.410  2
   65.134    4.369  2
   57.843    3.944  2
   28.765    1.045  2
  128.220   11.394  2
  128.220   11.340  2
   69.318    7.816  2
   90.120    9.362  2
  128.220   17.161  2
   64.596    3.281  2
   59.231    4.570  2
   59.231    4.166  2
  157.782   11.340  2
   59.231    4.179  2
   44.582    4.795  2
  103.596   11.803  2
  141.658   16.830  2
  141.658   19.834  2
   32.843    0.902  2
   78.958    6.931  2
  109.861    7.784  2
   68.713    4.257  2
   69.911    2.299  2
  120.993    6.288  2
   66.899    2.056  2
   61.521    3.080  2
   97.606    4.533  2
   90.851    3.439  2
   50.394    3.212  2
   90.851    3.190  2
   50.394    3.245  2
   90.851    3.252  2
   80.025    2.884  2
   69.006    3.603  2
   44.508    6.539  2
   74.486    2.016  2
   88.370    3.103  2
   68.721   23.876  2
  105.035    2.753  2
  105.035    3.059  2
   74.413    7.470  2
   78.107   19.844  2
  119.608   31.504  2
  120.634   23.005  2
  155.121   39.593  2
  111.918   20.869  2
  120.634   28.593  2
  113.406   24.191  2
  120.634   49.771  2
  151.538   61.277  2
   62.260    2.271  2
   62.260    2.192  2
   92.282    4.669  2
  151.538   72.513  2
  143.961   38.298  2
  107.961   34.015  2
  151.538   74.565  2
  151.538   77.761  2
  153.564   88.970  2
  135.188   58.791  2
  151.538  143.218  2
   75.455    7.078  2
   60.903    2.518  2
  151.538  156.245  2
  153.564  229.912  2
  126.308  121.307  2
   90.424    4.103  2
  106.667   14.842  2
  135.188   63.290  2
  153.564  116.576  2
   68.945    8.772  2
  106.080   23.809  2
  111.135   26.264  2
   64.285    1.448  2
  106.667   12.798  2
   70.093   12.703  2
   64.246    9.506  2
   92.180   25.059  2
  111.135   21.246  2
   50.669    9.047  2
   70.442    6.892  2
  108.507    5.477  2
   50.669    8.328  2
   62.689    6.027  2
   62.689    5.989  2
   62.208    9.496  2
   85.538    7.736  2
   53.596    6.476  2
   77.654    2.933  2
   77.654    3.034  2
   64.998    5.734  2
   50.353    5.547  2
   98.056    5.007  2
   94.952    6.834  2
   78.203    9.432  2
   74.039    7.342  2
   74.039    7.523  2
   71.951    7.408  2
   81.216    6.231  2
   67.569    8.871  2
   71.592    5.701  2
   71.592    6.624  2
   71.592    6.450  2
   69.400    2.993  2
   70.687    8.178  2
  102.568    5.200  2
   77.263    6.301  2
   64.641    6.730  2
   69.895    7.327  2
   62.788    3.677  2
   81.226    7.091  2
   81.476    9.746  2
   74.493    5.159  2
  102.008    7.410  2
   64.726    3.255  2
  101.616    5.870  2
   85.623    5.378  2
   85.623    5.106  2
  101.616    5.758  2
  100.825    5.583  2
   84.752    6.246  2
   75.874    7.608  2
   84.752    5.758  2
   77.042    5.783  2
  113.758    6.854  2
   44.605    3.751  2
   50.629    2.321  2
  103.451    5.264  2
   67.537    6.516  2
   44.329    2.230  2
   70.541    2.628  2
   49.953    3.983  2
   49.776    3.011  2
   57.962    5.832  2
   61.682    4.708  2
   61.682    4.716  2
   78.441    4.597  2
   57.962    5.035  2
   85.846    5.565  2
   48.958    2.895  2
   54.383    4.242  2
   42.361    2.618  2
   35.514    2.755  2
   59.091    3.829  2
   64.795    7.745  2
   63.071    4.746  2
   89.491    8.020  2
   32.392    2.896  2
   59.944    6.744  2
   53.070    8.409  2
   30.548    2.269  2
   53.128   10.550  2
   39.900    7.073  2
   45.015    9.987  2
   36.605    2.462  2
   32.051    2.194  2
   49.736    5.624  2
   45.015   10.126  2
   27.773    2.364  2
   58.098    3.052  2
   36.554    9.321  2
   30.940    2.549  2
   20.116    1.693  2
   49.276    3.263  2
   37.304    5.506  2
   23.825    1.941  2
   37.580    4.425  2
   37.580    4.917  2
   18.650    7.845  2
   30.265    3.909  2
   15.314    1.960  2
   35.631    6.848  2
   26.270    2.590  2
   16.444    2.330  2
   25.250    1.649  2
   28.666    1.940  2
   14.619    1.966  2
   25.059    2.527  2
   23.956    1.649  2
   26.595    2.450  2
   32.293    1.864  2
   35.518    2.380  2
   32.293    1.810  2
   39.813    1.194  2
   43.839    1.652  2
   41.259    1.863  2
   32.013    0.846  2
   49.735    1.486  2
   19.136    0.994  2
   48.741    1.215  2
   43.387    1.750  2
   74.245    3.004  2
   51.160    2.085  2
   30.520    1.577  2
   27.666    1.723  2
   79.816    2.342  2
   49.381    3.052  2
   49.756    1.596  2
   51.653    1.699  2
   74.965    2.290  2
   51.653    1.665  2
   45.583    2.253  2
   55.145    2.092  2
   61.195    1.956  2
   52.549    2.364  2
   22.750    1.557  2
   24.167    0.657  2
   20.377    0.699  2
   20.377    0.693  2
   -6.511    1.541  2
    1.135    1.423  2
    5.033    1.514  2
   64.882    1.425  2
   22.257    1.225  2
   55.142    1.214  2
   17.382    1.489  2
   91.527    2.789  2
   79.768    4.260  2
   79.768    3.285  2
   91.105    3.561  2
   90.187    4.935  2
    9.657    0.589  2
   90.187    4.737  2
   54.210    2.065  2
   18.260    1.255  2
   54.210    1.742  2
  100.981    2.978  2
  102.231    3.247  2
   73.334    2.631  2
  100.981    2.939  2
   82.435    3.116  2
   19.736    1.146  2
   26.025    1.146  2
   25.698    1.836  2
   27.719    0.905  2
   27.719    0.923  2
   26.456    1.531  2
   22.349    1.228  2
   76.839    1.042  2
   75.565    1.504  2
  184.260    4.744  2
  184.362    8.094  2
  166.121    5.934  2
  134.853    4.917  2
  167.635    9.656  2
  167.635   10.910  2
  167.635   13.564  2
  202.075   58.977  2
  181.383   39.556  2
  209.693   32.967  2
  211.484   23.832  2
  170.461   11.455  2
  253.034   21.161  2
  238.513   18.356  2
  170.461   11.284  2
  253.034   18.891  2
   70.981    1.917  2
   70.981    2.272  2
  255.081   23.973  2
  286.891   17.328  2
  286.611   17.711  2
  284.916    9.868  2
  284.916    9.961  2
  231.221    9.708  2
  285.699   13.543  2
  285.699   14.837  2
  285.699   12.888  2
  294.234   17.593  2
  294.234   18.068  2
  204.725   15.530  2
  204.725   15.908  2
  138.453    5.519  2
  198.477    8.071  2
  198.477    9.341  2
  172.705   10.082  2
  229.474   13.057  2
  199.137   14.483  2
  255.888    9.746  2
  199.137   13.421  2
  137.065    5.885  2
  141.468    4.198  2
  137.065    5.141  2
  178.107    6.548  2
  151.481    7.843  2
  108.996    2.250  2
  136.987    3.223  2
  123.492    2.770  2
  112.922    0.862  2
  149.652    2.425  2
  150.831    1.988  2
  152.664    1.631  2
  150.831    1.882  2
  144.885    3.459  2
  160.060    4.895  2
   38.951    0.523  2
  118.506    2.601  2
  156.590    6.249  2
  129.063    2.007  2
  152.354    5.561  2
  151.518    7.284  2
   55.375    1.615  2
  183.524    7.022  2
  145.913    3.115  2
  170.087    7.301  2
  151.101    4.940  2
  182.024    9.606  2
  183.524    7.831  2
  184.560   13.270  2
  180.774   11.218  2
   37.316    0.875  2
  143.001    4.121  2
  189.876   20.679  2
  189.876   18.743  2
  189.876   19.267  2
   20.069    0.591  2
  152.160   10.557  2
  171.281   12.076  2
  163.053   13.950  2
  188.390   16.913  2
  188.390   21.615  2
  227.256   33.129  2
  188.390   14.487  2
   67.538    1.244  2
  152.160   10.044  2
  261.500   56.940  2
  261.500   63.411  2
  227.256   40.928  2
  261.500   62.445  2
  261.500   82.257  2
   82.889    1.388  2
  261.500   88.098  2
  253.407   59.958  2
   33.353    0.906  2
  273.811   44.889  2
  239.547   43.492  2
  239.547   29.139  2
  253.407   69.354  2
  261.500  108.266  2
  253.407   99.585  2
   97.283    1.359  2
  273.811  140.193  2
  273.811  154.500  2
  273.811   84.489  2
  273.811   83.563  2
  253.407  101.411  2
  196.589   37.912  2
  107.844    3.696  2
  113.547    3.324  2
  253.407   57.992  2
  264.077   97.087  2
  264.077  116.819  2
  200.303   52.249  2
  254.774   65.596  2
  205.235   35.673  2
  205.235   37.571  2
   88.444    4.138  2
  198.481   44.935  2
  205.235   50.677  2
  109.105    2.903  2
  198.481   51.003  2
   78.864    3.356  2
   52.318    2.396  2
  159.571   20.002  2
   90.500    9.110  2
  159.571   23.936  2
   40.817    0.800  2
  184.681   33.252  2
  184.681   24.288  2
  144.200   20.001  2
   92.223    4.655  2
   83.249    4.576  2
  106.323    1.808  2
   46.307    0.827  2
   99.801    4.439  2
  107.392    4.391  2
   94.184    4.959  2
   42.480    1.426  2
   74.208    3.379  2
   89.564    4.656  2
   83.521    4.890  2
   70.979    2.151  2
   43.957    0.879  2
   79.916    7.493  2
   79.916    7.949  2
   79.916    8.363  2
   73.457    6.866  2
   81.644    2.605  2
   81.596    2.593  2
   75.926    4.890  2
   75.926    5.042  2
   72.043    4.980  2
   90.665    2.752  2
   83.532    6.447  2
  105.625    0.989  2
  105.625    1.015  2
   67.249    3.276  2
   81.208    2.382  2
   76.006    2.972  2
   63.377    2.594  2
  105.079    1.324  2
   76.066    1.884  2
   93.040    1.704  2
   57.344    1.960  2
   70.504    3.258  2
   16.485    0.266  2
    3.081    0.169  2
   11.614    0.236  2
   31.069    0.446  2
   47.404    0.466  2
   49.020    0.559  2
   13.615    0.234  2
   76.713    0.609  2
   14.491    0.353  2
   85.762    0.682  2
   68.178    0.738  2
   15.179    0.749  2
   31.796    1.518  2
   26.898    1.037  2
   40.329    1.006  2
   39.852    1.147  2
   89.836    4.086  2
  101.114    9.071  2
  182.014   35.698  2
  166.437   25.433  2
   80.518    1.883  2
  182.014   35.490  2
  182.014   41.194  2
  175.250   30.534  2
  175.250   28.135  2
  126.389   10.128  2
  135.627    7.589  2
   99.191    1.685  2
  115.830    4.405  2
  102.552    1.714  2
   90.419    3.431  2
   97.270    2.080  2
   78.886    2.940  2
   78.274    3.844  2
   94.909    1.579  2
   61.694    1.651  2
   94.095    5.473  2
   96.139    5.655  2
   89.253    4.714  2
   76.267    4.742  2
   78.741    6.832  2
   53.995    1.532  2
   96.139    5.945  2
   81.051    8.362  2
   96.113    4.337  2
   93.131    7.503  2
  118.920    2.760  2
   50.502    2.875  2
  119.443    4.792  2
   79.913    6.754  2
  190.791    9.504  2
  119.443    5.877  2
  180.723    5.781  2
  129.762    8.455  2
  126.312    6.741  2
   90.710    8.363  2
  107.673    7.915  2
   89.822    4.593  2
  107.673    8.371  2
  104.311    6.899  2
  106.547    8.403  2
  118.139    8.402  2
  188.165    4.547  2
  219.826    8.467  2
   91.109    5.602  2
   44.083    3.811  2
   90.378    9.997  2
  126.802    8.817  2
   31.818    2.875  2
   55.008   10.036  2
  112.815   10.477  2
  112.815   10.327  2
  101.352    4.184  2
  167.966    2.464  2
  167.966    2.275  2
   36.640    7.258  2
   36.640    7.019  2
  106.066   17.145  2
   77.394   18.536  2
   42.375    8.128  2
  106.066   16.907  2
   77.394   13.453  2
   21.025    4.430  2
   80.495   34.590  2
   73.147   23.680  2
   68.383   24.348  2
  144.795    4.764  2
   30.030    5.612  2
   68.383   28.021  2
   96.570    0.602  2
   68.383   24.547  2
   68.383   19.581  2
   64.033   11.230  2
   62.439   21.951  2
   62.439   17.379  2
   62.439   20.859  2
  110.629    6.348  2
  147.367    4.544  2
   73.287    9.803  2
   55.380    7.859  2
  127.475    3.582  2
   34.025    4.219  2
   73.851    5.828  2
   62.415    7.449  2
   78.523    3.660  2
   62.569    2.598  2
   62.569    2.523  2
   64.148    5.080  2
   59.652    3.036  2
  124.321    1.246  2
   59.493    2.918  2
   71.130    4.786  2
   51.712    4.641  2
   85.836    6.924  2
  106.867    4.905  2
   51.195    4.613  2
  101.025    6.921  2
  101.025    7.286  2
  115.433    7.398  2
  101.025    5.607  2
   82.894    5.379  2
   40.185    1.902  2
   96.676    5.903  2
  146.510    3.430  2
   40.185    1.690  2
  107.376    6.137  2
  118.984    8.186  2
   78.397    4.905  2
   88.611    1.015  2
  150.422    4.929  2
  155.112    4.096  2
   37.266    1.976  2
  190.704   17.169  2
  139.002   10.894  2
  188.350   29.307  2
  180.401   20.641  2
  170.767   11.402  2
  195.992   33.544  2
  189.113   43.529  2
  195.992   20.136  2
  175.556   21.838  2
  181.156   75.944  2
  181.156   42.289  2
   99.426    1.985  2
  204.068   32.341  2
   82.004    1.779  2
  181.156   38.126  2
  169.099   33.492  2
   98.840    3.321  2
  200.459   23.483  2
  205.997   32.913  2
  115.050    5.611  2
  213.954   31.672  2
  154.298    5.465  2
  154.298    6.953  2
   89.089    4.053  2
  108.998    7.935  2
   80.126    2.878  2
  213.506   15.104  2
   75.091    3.812  2
  135.201    5.562  2
  102.428    5.816  2
  195.189    7.701  2
  107.790    2.329  2
   54.643    1.166  2
   48.239    1.304  2
  128.457    5.666  2
  128.457    6.437  2
  128.457    5.672  2
  131.368    4.951  2
  131.368    5.257  2
  131.698    3.026  2
  131.368    5.555  2
  114.565    4.229  2
  153.301    3.362  2
  104.436    4.527  2
  147.024    2.980  2
  143.329    2.110  2
  147.024    2.107  2
  201.176    7.329  2
  107.670    5.292  2
  187.450   11.144  2
  183.280    4.765  2
  188.730    5.082  2
  196.310    9.633  2
  158.900    5.808  2
  133.774    4.902  2
  133.774    4.422  2
  173.401    5.422  2
  119.994    4.173  2
  119.994    3.660  2
  144.119    3.719  2
  149.670    3.790  2
   89.372    1.911  2
   30.817    0.433  2
   40.941    1.377  2
  153.295    2.701  2
  154.052    1.953  2
   86.711    2.132  2
  137.707    2.484  2
  158.409    1.781  2
   44.721    1.064  2
   47.244    1.223  2
   78.515    1.986  2
   43.054    0.835  2
   33.724    0.757  2
   27.848    0.420  2
   56.441    0.565  2
   30.944    0.353  2
   46.932    0.443  2
   45.564    0.569  2
   44.322    0.697  2
   40.519    0.512  2
   60.601    2.473  2
   61.368    2.760  2
   68.691    2.601  2
   68.691    2.745  2
   59.257    1.386  2
   56.547    3.974  2
   73.948    3.522  2
   83.222    2.539  2
   68.667    5.412  2
   33.244    0.399  2
   47.206    0.859  2
   65.527    2.941  2
   51.318    0.786  2
   74.533    7.083  2
   93.585    2.275  2
   81.091    5.565  2
   88.485    1.531  2
   92.813    4.323  2
   66.132    4.145  2
   66.132    4.352  2
   66.132    4.323  2
   71.488    5.412  2
   50.389    1.194  2
   90.537    1.343  2
   75.275    3.543  2
   74.667    2.158  2
   65.062    2.258  2
   60.830    2.396  2
   59.685    0.709  2
   67.749    1.891  2
   41.718    0.952  2
   59.451    0.717  2
   60.797    0.679  2
   59.451    0.726  2
   41.121    0.785  2
   47.214    1.159  2
   89.039    0.734  2
  106.695    1.715  2
   51.586    0.727  2
   43.529    1.839  2
   73.845    2.679  2
   78.672    2.907  2
   60.582    1.990  2
   79.789    2.832  2
   79.789    2.938  2
   60.582    2.360  2
   54.293    0.737  2
   55.886    3.098  2
   70.355    0.892  2
   81.948    1.284  2
   70.922    1.007  2
   62.561    2.693  2
   50.165    1.654  2
   84.685    1.423  2
   92.064    1.718  2
   92.064    1.663  2
   92.064    1.584  2
   83.270    1.710  2
   88.973    1.872  2
  142.328    2.495  2
  140.632    3.662  2
  140.632    3.719  2
   61.848    1.142  2
  131.792    5.218  2
  118.698    2.186  2
   82.434    5.939  2
  166.110   10.271  2
  130.152   11.165  2
  181.229   15.293  2
  159.543   10.620  2
  159.543   12.666  2
  129.959    8.162  2
  172.803    7.833  2
  184.756   31.351  2
  183.615   32.412  2
  184.756   46.214  2
  177.557   43.054  2
  206.509   10.072  2
  168.024   12.665  2
  206.509    9.748  2
  182.014   77.786  2
  182.014   58.401  2
  177.557   51.583  2
  177.557   32.027  2
   94.931    5.164  2
   82.191    0.178  2
   64.363    0.831  2
   64.363    0.803  2
   77.099    0.829  2
  130.273    4.473  2
  156.558   10.090  2
  167.087   13.976  2
  106.821    1.299  2
   50.276    1.636  2
  153.114    5.294  2
  141.224   14.335  2
   80.220    3.474  2
   80.220    3.456  2
   80.220    4.074  2
  141.224   15.828  2
   96.459    9.899  2
  102.297    6.875  2
  157.521    6.832  2
  157.521    9.921  2
  191.771   29.625  2
  182.161   42.199  2
  191.771   37.845  2
  182.161   37.795  2
  100.923    4.171  2
  156.651   39.702  2
  156.651   21.434  2
  184.515   59.221  2
  138.395   15.744  2
  138.395   13.305  2
  192.623   45.162  2
  175.663   26.632  2
  156.651   40.088  2
   82.612    3.260  2
  184.515   42.200  2
  184.515   45.816  2
  143.455   34.841  2
  164.228   28.734  2
  164.228   23.204  2
  116.328   13.331  2
  126.597    8.527  2
  114.972    4.135  2
  128.076   10.955  2
  114.972    4.096  2
  112.781    4.474  2
   93.243    5.360  2
  100.997    6.900  2
  120.149    4.254  2
  100.997    6.479  2
  129.442    5.478  2
   86.813    4.418  2
  127.532    5.866  2
   88.791    1.662  2
   80.049    2.999  2
   75.856    3.987  2
   89.630    3.676  2
   89.630    3.828  2
  123.893    5.187  2
  123.893    6.074  2
  166.052    6.912  2
   77.817    2.432  2
  150.363    7.110  2
  184.231   13.755  2
  107.759   14.292  2
  124.673    5.369  2
   53.527    0.702  2
  109.294   17.502  2
  189.798   41.366  2
  189.798   40.489  2
  150.617   59.408  2
  150.617   58.970  2
  150.617   45.587  2
  150.617  103.639  2
  146.471   56.973  2
  169.161   58.358  2
  142.176    6.653  2
   44.557    0.634  2
  169.161   30.877  2
  169.161   56.909  2
  169.161   34.047  2
  146.471   40.489  2
   97.718    2.486  2
   55.830    0.809  2
   55.118    1.567  2
   60.640    1.110  2
   57.356    1.738  2
   60.640    1.187  2
   46.537    1.852  2
   56.334    2.114  2
   41.269    1.815  2
   56.494    0.687  2
   54.717    2.319  2
   54.913    2.573  2
   59.518    2.759  2
   56.887    1.738  2
   46.195    1.802  2
   26.671    0.388  2
   13.835    0.442  2
   15.796    0.443  2
   55.248    0.529  2
   30.104    0.614  2
   77.731    1.186  2
   60.193    0.909  2
   29.765    0.669  2
   80.541    1.716  2
  110.077    2.861  2
   59.355    2.026  2
   39.518    0.285  2
  103.904    8.121  2
  130.987    7.996  2
   38.670    0.326  2
  130.987    4.748  2
  169.976   38.659  2
  175.160   15.831  2
  169.976   45.381  2
  169.976   30.267  2
  175.160   23.677  2
  149.017    5.191  2
  143.212   16.924  2
  169.976   48.835  2
  153.581   26.883  2
  153.581   38.659  2
   80.175    1.365  2
   42.352    0.472  2
   25.606    0.952  2
   71.188    1.465  2
   61.386    0.586  2
  106.059    2.205  2
   41.084    0.900  2
   74.745    1.394  2
   73.494    1.625  2
   97.356    1.671  2
   64.992    1.132  2
   17.200    0.614  2
  130.027    5.453  2
  110.106    9.066  2
  106.243    7.533  2
  120.856    8.164  2
  124.441   17.879  2
  118.887   14.976  2
  127.753    9.138  2
  146.722   17.879  2
  161.801   23.439  2
  123.167    4.927  2
  106.852    9.416  2
   51.437    1.465  2
  146.722   23.927  2
  161.391   18.533  2
  117.108   11.018  2
  144.654   18.539  2
   97.248    3.342  2
  186.930   42.627  2
  188.725   13.581  2
  195.960   38.970  2
  144.654   27.012  2
  195.960   30.573  2
  195.960   36.084  2
  101.268    6.470  2
  186.930   73.771  2
  176.705   74.263  2
  205.266   70.675  2
  226.824  101.030  2
  205.266   94.438  2
  135.134   14.607  2
  258.748   58.951  2
  102.903    4.754  2
  226.824   59.661  2
  226.824   93.834  2
  226.824   65.651  2
  205.266  146.075  2
  205.266  121.664  2
  205.266   93.156  2
  205.266   62.470  2
  205.266  100.544  2
  135.134   11.050  2
  258.748   51.645  2
  205.266   65.434  2
  175.613   18.292  2
  320.747   97.956  2
  241.382   44.381  2
  326.496   91.922  2
  139.076    3.027  2
  241.382   47.453  2
  326.496   84.740  2
  326.496   92.517  2
  221.743   61.358  2
  241.382   73.315  2
  326.496  115.081  2
  326.496   92.706  2
  188.141   58.583  2
  241.382  113.905  2
  320.747  118.824  2
  326.496  136.986  2
  188.141   62.769  2
  221.743   40.218  2
   52.802    0.309  2
  326.496  158.039  2
  221.743   27.912  2
  326.496  214.166  2
  348.829  124.230  2
  154.035   50.004  2
  216.874  109.075  2
  216.874  125.931  2
  154.035   84.426  2
  145.431   26.774  2
  361.274   67.279  2
  361.274  234.748  2
  154.035   89.814  2
  348.829  258.976  2
  216.874  183.420  2
  216.874  185.419  2
   74.807    1.285  2
  117.644    6.632  2
  361.274   84.882  2
  348.829  210.242  2
  154.035   59.690  2
  361.274   78.911  2
  348.829  227.867  2
  361.274  228.445  2
  154.035  153.498  2
  348.829  275.332  2
  361.274  106.707  2
  348.829  190.657  2
  216.874  242.039  2
  145.431   31.279  2
  348.829  328.257  2
  216.874  234.509  2
  216.874  231.119  2
  348.829  199.638  2
  216.874  216.233  2
  216.874  271.436  2
  216.874  204.911  2
  140.814    6.544  2
  348.829  165.626  2
  348.829  175.904  2
  361.274   75.404  2
  216.874  395.227  2
  361.274   89.945  2
  348.829  175.826  2
  138.328  120.559  2
  206.537  204.079  2
  138.328   79.670  2
  138.328   89.814  2
  206.537  230.781  2
  206.537  216.234  2
  206.537  267.306  2
  215.668   77.959  2
  206.537  172.622  2
  316.203  160.668  2
  138.346    5.464  2
  294.328   70.591  2
  294.328   89.940  2
  316.203  166.088  2
  206.537  143.852  2
  215.668   45.245  2
  316.203   86.356  2
  206.537  132.353  2
  138.328   97.995  2
  206.537  126.954  2
  215.668   58.933  2
  316.203   92.064  2
  316.203   86.607  2
  138.328   37.945  2
  294.328   61.382  2
  206.537   69.689  2
  206.537  104.844  2
  215.668   47.579  2
  132.803   26.812  2
  148.496   10.051  2
  241.475   95.664  2
  219.045   52.087  2
  241.475   73.271  2
  201.456   95.046  2
  219.045   57.932  2
  219.045   52.000  2
  148.820    9.148  2
  241.475   50.936  2
  139.038   14.791  2
  241.475   44.305  2
  175.980   18.129  2
  241.475   57.481  2
  241.475   37.510  2
  219.045   54.110  2
  147.136   17.757  2
  147.136   18.433  2
  166.217   12.864  2
  118.554    2.529  2
  155.311   38.837  2
  155.311   41.139  2
  155.311   33.174  2
  155.311   31.476  2
  181.823   27.440  2
  175.979    7.742  2
  175.979    7.873  2
  181.823   31.895  2
  173.257   35.575  2
  125.301   15.727  2
  238.126    9.997  2
  167.214   11.806  2
  156.710   27.440  2
  156.710   37.601  2
  223.391   15.128  2
  125.301   27.100  2
  136.872   36.217  2
  136.872   34.465  2
  156.710   43.208  2
  173.908    6.939  2
  130.127    2.703  2
  175.837   17.878  2
   69.670    1.278  2
  124.958   29.228  2
  124.958   29.343  2
  144.066   37.024  2
  158.372    7.238  2
  124.958   32.894  2
  249.830   10.557  2
  218.550    5.642  2
  132.660   18.357  2
  194.820   11.572  2
  132.660   18.063  2
  138.092   23.040  2
  246.734   10.567  2
  123.656   15.534  2
  110.961    2.229  2
  133.487   12.433  2
  133.487   13.636  2
  219.025    5.380  2
  119.215    8.046  2
  213.740    5.494  2
  219.025    6.122  2
  138.871    8.945  2
  119.215    7.162  2
  179.689    7.778  2
  119.987   11.682  2
  126.424    4.104  2
  150.078    8.119  2
  118.489    8.277  2
  103.210    4.014  2
  107.979    3.222  2
   75.994    0.597  2
   50.418    0.700  2
  105.622    3.241  2
   97.304    0.922  2
  101.200    2.276  2
   95.594    1.239  2
   90.852    0.864  2
   90.287    0.967  2
   71.030    1.007  2
   69.384    0.964  2
  124.404    0.588  2
   66.062    0.757  2
   41.743    0.564  2
   51.666    0.570  2
   51.666    0.573  2
   34.697    0.409  2
   81.414    1.223  2
   70.860    0.895  2
  159.563    0.880  2
   65.421    0.575  2
  126.825    0.495  2
  148.653    0.480  2
   72.281    0.788  2
   53.644    0.535  2
  110.181    0.454  2
   90.360    0.353  2
   56.777    0.213  2
   60.310    0.428  2
   26.723    0.331  2
   58.153    0.939  2
  160.308    6.625  2
  126.575    4.370  2
  113.418    6.284  2
  135.453   14.995  2
   49.948    2.351  2
  160.952   11.667  2
  122.245    8.359  2
   57.666    4.122  2
  149.672   22.961  2
  153.428   21.285  2
  154.492   24.571  2
  153.428   17.487  2
   94.623    7.175  2
  154.583   11.128  2
  154.583    9.914  2
  164.132    5.842  2
  125.861    7.177  2
   50.345    3.662  2
  161.501    5.630  2
  141.593    7.158  2
   31.719    1.802  2
   51.540    2.029  2
   41.147    3.670  2
  161.078    7.177  2
  137.721    6.185  2
  102.027    7.759  2
   34.780    0.736  2
   55.015    2.520  2
   55.015    2.562  2
  102.027    9.800  2
  131.310   19.199  2
   73.009    5.836  2
   67.947    4.692  2
  162.519    8.845  2
   60.226    2.568  2
  146.472   16.008  2
  146.472   15.185  2
  161.931   13.777  2
  155.439    8.244  2
   34.394    3.865  2
  147.952   17.018  2
  147.952   13.175  2
   34.394    4.888  2
  102.647   25.931  2
  144.279    8.885  2
  147.952   15.358  2
  109.224   27.740  2
  102.647   36.279  2
   96.521    8.159  2
  109.224   23.408  2
  109.224   37.571  2
  109.224   45.333  2
  134.026   19.776  2
  156.658   13.913  2
  113.752   44.179  2
  106.034   45.215  2
  113.752   51.864  2
   66.241    7.020  2
  158.293   23.147  2
  112.286    9.468  2
   86.706    2.393  2
  113.752   48.970  2
  106.034   31.649  2
  106.034   37.571  2
  128.992   12.198  2
  156.658   16.467  2
  134.026   37.656  2
  135.124   21.824  2
  112.098    6.947  2
  171.034   27.505  2
  133.801   21.079  2
  135.124   24.466  2
  163.667   30.150  2
   23.128    0.782  2
  171.034   29.956  2
  163.667   24.797  2
  163.667   23.070  2
  163.667   25.219  2
  101.365    3.469  2
  163.667   20.868  2
  135.642   10.791  2
  135.642   12.084  2
   25.133    3.632  2
  135.124   19.644  2
  153.514   20.724  2
  135.642   10.411  2
   30.600    4.097  2
   85.128    8.159  2
  131.748   23.291  2
  161.145   17.533  2
  115.499   11.946  2
  140.862   18.796  2
  103.249    2.544  2
  122.944    9.211  2
  103.318   12.328  2
  101.819    8.152  2
  113.519    2.613  2
  103.613   11.008  2
  103.613   10.898  2
  105.267    3.674  2
  101.819    6.065  2
   20.747    2.453  2
  106.327    9.662  2
   97.827    9.367  2
   65.252    9.944  2
   65.252    8.525  2
  106.327    8.482  2
   91.488    5.039  2
  106.327    6.676  2
   54.309    3.804  2
   94.431    6.686  2
   96.272    5.814  2
   33.688    2.819  2
  153.291   13.212  2
  189.604   10.718  2
  153.291   21.505  2
  137.878   17.608  2
   86.866    6.654  2
   86.866    6.861  2
  149.149   30.157  2
  149.149   30.377  2
  149.149   38.814  2
   36.929    2.561  2
  149.149   47.773  2
   86.866    8.511  2
  104.796   12.236  2
  203.613   34.303  2
  149.367   53.129  2
  129.712   30.926  2
  149.367   57.670  2
  180.118   47.773  2
  180.118   55.385  2
  218.261   20.263  2
  180.118   61.701  2
  100.288   13.591  2
  180.118   72.532  2
  149.367   46.000  2
  203.613   29.397  2
  104.796   14.947  2
  149.367   80.098  2
  149.367  103.884  2
  203.613   39.190  2
  218.261   17.864  2
  218.261   18.949  2
  149.367   87.544  2
  104.796   17.381  2
  218.261   18.911  2
  136.179   18.608  2
  214.067   42.314  2
  202.716   78.003  2
  202.716   51.980  2
   74.357    3.885  2
  202.716   57.040  2
   82.857    5.323  2
  213.407   18.293  2
  202.716   63.915  2
  213.407   17.918  2
  214.067   29.397  2
  202.716   52.538  2
  177.380   19.990  2
  251.387   26.752  2
   84.904    3.061  2
  114.707    4.509  2
  153.429   19.292  2
  237.149   19.615  2
  258.243   48.644  2
  251.387   30.811  2
  155.749    9.341  2
  177.380   17.381  2
  258.243   59.610  2
  251.387   35.430  2
  153.429   16.714  2
  160.948    8.585  2
  153.696    8.239  2
  229.542   47.460  2
   63.095    1.654  2
  246.726   71.545  2
  246.726   56.777  2
  229.542   45.162  2
  229.542   44.612  2
  229.542   42.777  2
  103.654    2.245  2
  135.366    7.798  2
  125.489    4.358  2
  125.981    6.120  2
  240.720   17.461  2
  196.415   30.558  2
  146.037    9.060  2
  146.037    7.089  2
  196.415   24.942  2
  177.740   22.077  2
  135.842   16.510  2
  156.060   12.459  2
  157.054   12.033  2
  125.378    4.280  2
  120.731    4.710  2
  131.251    4.708  2
   82.028    0.728  2
   58.502    1.712  2
   62.827    2.573  2
   57.625    2.610  2
   59.878    2.458  2
   57.625    2.630  2
   45.021    1.410  2
   39.882    0.979  2
   81.041    1.201  2
   96.599    1.701  2
  124.716    4.086  2
  196.038   12.512  2
  185.690    6.666  2
   30.612    0.512  2
  196.038   18.764  2
  179.697    9.852  2
  198.917   11.182  2
  190.807   20.587  2
  198.917   12.663  2
  198.917   11.310  2
  132.684    7.161  2
  179.728    8.091  2
   32.794    0.380  2
   99.558    2.411  2
   87.085    2.534  2
  125.719    2.644  2
  125.719    2.321  2
   56.939    1.277  2
   71.231    1.244  2
   20.984    0.254  2
   -6.045    0.053  2
   57.032    0.038  2
   77.364    0.058  2
   61.383    3.233  2
   62.804    6.417  2
   62.804    9.007  2
   65.579    7.841  2
   76.016   18.048  2
   69.465   27.111  2
   54.407   27.407  2
   30.184    3.911  2
   90.161    3.455  2
   46.909    2.007  2
   45.123    4.490  2
   45.838    2.811  2
   42.469    2.131  2
   41.148    4.085  2
