   79.223    3.084  1
  127.038    6.541  1
  202.488   15.981  1
  281.723   18.645  1
  118.108    4.506  1
  115.223    5.604  1
  118.108    4.464  1
  272.146   19.652  1
  241.823   21.344  1
  276.923    9.179  1
  276.923    9.139  1
   78.508    7.333  1
   36.704    2.505  1
  -12.467    0.229  1
   82.373    4.157  1
  119.296   13.926  1
  135.000   26.699  1
  135.000   24.794  1
  154.569   33.252  1
  129.773   50.665  1
   42.427    1.001  1
  109.927   36.883  1
  109.927   28.370  1
  109.927   27.765  1
  125.400   30.865  1
   95.054    3.979  1
   82.650    1.565  1
  146.100   56.884  1
  145.200   32.288  1
  143.354   37.240  1
   82.379    3.690  1
   28.246    1.407  1
  106.085    3.430  1
   45.300    2.539  1
   95.538   13.670  1
   95.538   15.737  1
   95.285   18.870  1
   95.285   22.419  1
   95.285   23.067  1
   92.169   18.577  1
   76.465    4.801  1
   55.622    1.583  1
  145.154    6.358  1
  155.156    7.086  1
  153.185   13.644  1
   75.658    4.883  1
  109.927   21.692  1
  119.296   17.018  1
   55.858    4.472  1
   96.231    1.754  1
  154.569   29.503  1
   39.946    2.760  1
   89.538    5.859  1
  150.669   17.786  1
   16.634    2.542  1
   87.588   13.670  1
   17.954    0.127  2
   12.265    0.172  2
   22.673    0.258  2
   36.415    0.277  2
   29.308    0.216  2
   30.635    0.506  2
   20.158    0.375  2
   22.927    0.545  2
   36.346    0.219  2
   29.435    0.467  2
   15.381    0.466  2
   22.812    0.635  2
   27.092    0.543  2
   41.342    0.575  2
   34.598    0.631  2
   71.400    0.514  2
   60.427    0.609  2
   85.108    1.029  2
   52.281    0.730  2
   49.442    0.752  2
   83.031    1.581  2
   53.509    1.387  2
   45.681    0.697  2
  109.292    1.522  2
   38.515    0.881  2
   25.258    1.503  2
   99.254    0.826  2
   85.177    2.786  2
   79.246    1.283  2
   36.371    1.307  2
   48.000    1.591  2
  112.996    2.295  2
   37.131    0.750  2
  119.679    3.104  2
   46.658    1.955  2
   12.300    0.965  2
  123.069    3.359  2
   50.446    2.047  2
    3.865    1.046  2
   49.431    0.958  2
   61.962    1.473  2
   34.812    2.113  2
  151.569    4.589  2
   30.231    1.952  2
   52.892    1.076  2
  107.054    3.096  2
   21.323    2.422  2
   93.473    4.115  2
   93.473    4.736  2
  127.038    6.974  2
    9.208    1.029  2
  160.996    4.072  2
   48.369    2.563  2
  108.711   12.413  2
   95.977    4.105  2
  150.461    7.844  2
  141.935    4.681  2
   96.415    4.185  2
   47.504    0.858  2
  130.281    9.083  2
  124.282    9.514  2
   49.131    1.076  2
    4.200    2.952  2
  161.815    6.595  2
   20.250    1.692  2
   89.204    3.562  2
   89.204    3.806  2
   89.204    3.234  2
   89.204    3.457  2
  161.922    7.313  2
   89.204    3.226  2
   28.754    1.766  2
   37.038    5.994  2
   89.204    3.274  2
   66.819    7.005  2
   30.900    1.073  2
   97.408    6.417  2
  233.400    9.346  2
  141.517    7.262  2
  145.223    6.849  2
  129.981    6.046  2
  145.154    5.661  2
   29.031    7.268  2
   11.538    0.656  2
   20.654    5.408  2
  156.634    5.575  2
    3.590    2.872  2
  271.257   15.932  2
   75.288    4.391  2
  174.946   16.481  2
  122.908    4.065  2
   99.508    3.890  2
  281.723   19.892  2
   69.231    2.854  2
  115.569    4.297  2
   31.142    1.431  2
   32.181    1.449  2
  153.185   13.424  2
  111.358    3.612  2
  270.854   24.238  2
  172.904   13.777  2
  270.854   16.474  2
  270.854   15.931  2
   51.231    0.966  2
   35.919    2.177  2
   21.692    2.025  2
   30.035    3.034  2
  131.608    6.794  2
   30.346    2.349  2
   10.338    1.763  2
   80.261    2.137  2
   35.619    1.823  2
   94.511    1.929  2
   20.273    1.709  2
   15.427    1.670  2
   39.127    1.972  2
   23.781    1.858  2
   46.569    2.358  2
   91.592    1.215  2
   35.446    1.464  2
   41.065    1.436  2
   28.604    1.545  2
   37.142    0.922  2
   17.215    1.255  2
   23.019    2.846  2
   28.592    2.032  2
   29.608    2.102  2
  124.523    0.724  2
   17.262    1.158  2
   27.992    1.969  2
   34.027    1.888  2
   34.027    1.845  2
  122.492    1.088  2
   23.215    0.917  2
   20.319    3.363  2
   21.185    2.346  2
   30.000    2.509  2
   15.796    3.047  2
   24.127    2.136  2
   37.362    1.542  2
   38.885    0.704  2
   25.124    1.544  2
    5.262    2.755  2
  104.561    0.971  2
   16.292    2.142  2
   17.654    1.345  2
  105.946    1.167  2
   74.631    0.888  2
   15.219    2.587  2
   49.650    2.965  2
  118.708    0.774  2
   33.715    1.853  2
   30.542    1.520  2
   56.885    2.728  2
   89.619    1.628  2
   24.912    2.294  2
    8.342    1.437  2
  118.396    0.816  2
    8.885    1.289  2
   54.150    4.257  2
  108.185    2.023  2
   54.150    4.497  2
   21.981    2.313  2
   25.246    1.845  2
   21.981    2.087  2
   67.454    1.373  2
   80.538    1.521  2
   60.577    5.470  2
    1.604    1.041  2
   95.158    1.729  2
    3.748    0.405  2
   20.181    1.518  2
   28.604    3.026  2
   54.554    6.727  2
   23.077    7.733  2
   43.188    2.073  2
   32.619    2.608  2
   27.681    4.264  2
   27.681    3.566  2
   44.712    2.285  2
   31.050    4.938  2
   27.600    6.511  2
   18.646    0.754  2
   58.154    6.832  2
   43.165    6.323  2
   63.565   10.439  2
   59.342    7.991  2
   43.246    6.338  2
   26.112    1.326  2
   71.411    6.413  2
   65.585    8.697  2
   -2.585    1.314  2
   85.385    1.520  2
   31.362    6.317  2
   39.635    7.498  2
  128.215   20.215  2
  103.846   19.766  2
  128.215   22.952  2
   21.784    0.750  2
   81.981    4.682  2
   49.501    8.492  2
   27.762    4.016  2
   49.501    8.171  2
   22.512    5.059  2
   79.477    9.121  2
   21.462    2.331  2
   17.042    2.214  2
   19.050    1.789  2
   82.858    8.148  2
   15.600    4.463  2
   73.777   10.671  2
   26.919    3.431  2
   85.223   12.123  2
   47.977    4.062  2
   67.292    4.995  2
   99.369   10.853  2
   89.873   11.099  2
   58.881    5.985  2
   41.227    2.824  2
   72.092   15.098  2
   72.092   15.602  2
    5.388    2.267  2
   24.542    1.611  2
   24.150    1.532  2
   20.215    0.966  2
  145.200   39.824  2
  145.200   45.190  2
   96.761   12.188  2
   33.715    2.482  2
   21.035    1.902  2
   94.073   31.520  2
   96.761   10.899  2
   25.904    4.073  2
   -3.658    1.638  2
  145.200   44.314  2
  105.565   28.328  2
  100.673   11.072  2
  105.565   24.306  2
  105.565   40.101  2
   28.488    3.539  2
  143.354   56.067  2
  143.354   49.897  2
   28.488    3.531  2
  148.165   21.013  2
   32.192    3.637  2
   67.131   14.620  2
  112.546   29.740  2
   24.288    1.832  2
   93.935   26.913  2
   31.465    2.368  2
   79.108   19.071  2
   88.804    4.201  2
   67.131   15.391  2
   67.131   14.544  2
    6.958    5.598  2
   79.108   19.710  2
   72.715   14.086  2
   73.136    4.870  2
   26.481    1.917  2
   72.715   17.173  2
   17.354    2.026  2
   49.338    7.164  2
    6.954    4.051  2
   24.531    2.064  2
   20.238    3.507  2
   45.912    1.535  2
   48.196    6.218  2
   14.654    5.258  2
   14.654    5.186  2
   48.196    5.410  2
   22.004    2.993  2
   16.200    6.255  2
   12.404    5.370  2
   27.438    3.420  2
   22.027    2.688  2
   22.027    2.843  2
   47.758    1.618  2
   10.950    3.635  2
   21.738    1.817  2
   21.312    1.622  2
   21.358    4.777  2
   54.438    3.164  2
   15.392    1.953  2
   26.204    2.476  2
   46.846    1.908  2
   56.804    2.342  2
   16.973    2.397  2
   23.585    5.084  2
   11.910    2.938  2
    5.019    1.878  2
   10.754    2.484  2
    6.415    4.711  2
    6.189    2.045  2
   67.165    2.272  2
   12.347    3.307  2
   12.704    6.153  2
   19.269    2.061  2
   41.908    2.548  2
   32.031    6.980  2
   14.042    5.797  2
   25.742    6.974  2
   32.031    7.183  2
   33.462   11.306  2
   18.796    4.188  2
   28.142    2.447  2
   18.796    1.821  2
   27.323    2.512  2
   14.585    1.641  2
   19.962    9.246  2
   23.042    1.807  2
   14.059    2.486  2
   29.412    2.428  2
   29.146    8.905  2
   33.646    1.898  2
   16.119    5.889  2
   20.331    2.737  2
   18.990    1.494  2
   24.612    3.151  2
   28.350    3.737  2
   35.538    2.586  2
   30.012    5.992  2
   24.508    4.722  2
   17.919    4.908  2
   20.377    2.197  2
   31.500    2.881  2
   -6.311    1.282  2
   32.424    2.641  2
   27.392    1.891  2
   42.785    1.785  2
    7.050    1.471  2
   18.150    3.100  2
   31.523    2.294  2
   46.281    2.196  2
   16.131    2.100  2
   42.796    2.268  2
   30.773    1.501  2
    1.161    1.238  2
   14.290    1.671  2
   79.304    2.580  2
   14.919    3.207  2
    5.084    1.514  2
  104.608    2.749  2
   23.908    2.444  2
   12.900    3.230  2
   13.177    1.120  2
   95.400    4.353  2
   95.400    4.818  2
   25.281    2.278  2
   35.504    3.731  2
  116.227    9.116  2
   52.223    1.713  2
   12.462    2.296  2
   42.185    3.091  2
   14.896    2.649  2
   54.254    2.534  2
   42.185    3.717  2
   63.450    9.880  2
   57.565    1.984  2
   42.185    3.386  2
    3.162    0.987  2
   11.815    3.896  2
   22.419    9.221  2
   34.096    8.218  2
   29.538    6.748  2
   44.412    2.602  2
   46.131    9.293  2
   47.977   13.233  2
    7.860    2.347  2
   92.169   15.429  2
   29.423    2.920  2
   49.662   13.024  2
   15.912    3.412  2
   46.950   16.491  2
   57.277   17.971  2
   42.219   11.628  2
   54.658    4.042  2
   57.277   15.885  2
   49.662   16.010  2
   95.285   31.575  2
   16.939    3.025  2
   32.088    3.209  2
   25.212    2.213  2
   35.618   11.619  2
   75.035   10.532  2
   18.473    2.759  2
   39.104    9.097  2
   65.123    5.066  2
   89.504   12.435  2
   31.391    7.287  2
   32.679    9.343  2
   60.796    4.655  2
   18.415    4.837  2
    8.377    0.546  2
    6.369    0.628  2
   20.319    1.690  2
   30.869    4.950  2
   38.769    3.914  2
   53.435    3.531  2
   43.327    4.797  2
   71.019    2.528  2
   47.885    0.460  2
   47.169    3.211  2
   81.519    3.041  2
   40.962    1.727  2
   29.042    3.786  2
  102.286    2.468  2
   33.381    1.602  2
   28.096    4.873  2
   51.115    3.942  2
   33.381    1.569  2
   31.904    6.313  2
  108.935    2.162  2
   25.546    4.676  2
   18.462    3.576  2
   18.462    3.985  2
   26.700    3.131  2
   29.077    2.373  2
   18.462    3.772  2
   40.535    4.114  2
   21.958    3.080  2
   33.231    3.803  2
   27.438    2.052  2
   14.481    2.531  2
    4.004    0.561  2
   10.027    1.901  2
   26.585    1.356  2
   26.285    0.507  2
   13.200    0.836  2
   13.235    0.654  2
   29.481    0.446  2
   21.162    2.218  2
   92.677    4.863  2
  146.042   63.607  2
   95.400    4.027  2
    6.842    0.096  2
   35.838    0.322  2
   25.142    0.215  2
   20.100    0.442  2
   29.146    0.093  2
   11.377    0.117  2
   37.269    0.088  2
   25.315    0.423  2
   69.554    0.829  2
   33.681    1.053  2
   78.311    0.929  2
   11.342    1.300  2
  147.577    4.966  2
  120.127    6.121  2
   82.477    6.217  2
   33.785    1.823  2
   20.654    4.756  2
   36.519    1.845  2
   47.365    2.093  2
   25.355    2.502  2
   -4.159    1.122  2
   58.154    5.424  2
   32.262    1.682  2
   31.442    1.043  2
   29.412    0.511  2
   24.542    1.636  2
   51.923    1.035  2
   18.165    6.546  2
   65.585    2.692  2
   34.269    2.016  2
   23.977    2.171  2
   20.691    6.264  2
   57.081    3.081  2
   52.610    1.109  2
   19.858    1.526  2
    8.758    0.355  2
