ngc0337      16.3251      8.64619    0.0204501      1.00000
ngc0337      18.0048      6.13054    0.0134873      2.00000
ngc0337      16.9568      3.23225   0.00832772      1.00000
ngc0628      1.43532      29.8465    0.0131857      2.00000
ngc0628      2.30129      21.3369   0.00839320      2.00000
ngc0628      2.93229      16.3831   0.00681125      2.00000
ngc0628      4.13171      15.9237   0.00735806      2.00000
ngc0628      5.00704      15.1259   0.00883365      2.00000
ngc0628      6.23278      14.9243   0.00790880      2.00000
ngc0628      6.76241      11.3866   0.00654411      2.00000
ngc0628      7.25113      9.16474   0.00556156      2.00000
ngc0628      7.22325      7.01997   0.00540605      2.00000
ngc0628      7.15828      5.34174   0.00350041      2.00000
ngc0628      8.06945      5.02705   0.00319211      2.00000
ngc0628      8.19911      3.31276   0.00244850      2.00000
ngc0628      8.56454      2.46652   0.00162067      2.00000
ngc0628      9.01355      2.25102   0.00159853      2.00000
ngc0628      8.32088      1.93303   0.00112674      2.00000
ngc0628      7.40158     0.838826  0.000787827      1.00000
ngc0628      7.12202      1.09837  0.000556474      1.00000
ngc0925      8.10044      3.89666    0.0104225      1.00000
ngc0925      7.99945      3.51936   0.00711780      1.00000
ngc0925      8.27164      3.03443   0.00439416      2.00000
ngc0925      7.92950      2.65932   0.00340478      2.00000
ngc0925      7.39592      1.67098   0.00194114      2.00000
ngc0925      7.97880      1.58497   0.00163304      2.00000
ngc0925      8.11842     0.939756   0.00153512      1.00000
ngc0925      6.46819     0.940652   0.00135031      1.00000
ngc0925      6.25651     0.666382   0.00116961      1.00000
ngc0925      7.12168     0.580658   0.00135795      1.00000
ngc2146     0.270712      634.358     0.566298      2.00000
ngc2146      1.77091      262.452     0.214853      2.00000
ngc2146      5.71862      63.2430    0.0575235      2.00000
ngc2146      7.23123      17.8647    0.0119659      2.00000
ngc2146      4.68633      8.00875   0.00534737      2.00000
ngc2146      4.27398      3.93500   0.00333382      2.00000
ngc2146      3.59112      2.19548   0.00164741      1.00000
ngc2403      4.86640      7.38390   0.00828111      2.00000
ngc2403      6.64995      10.6724    0.0100571      2.00000
ngc2403      7.37075      9.57355   0.00958967      2.00000
ngc2403      7.33277      7.16647   0.00767252      2.00000
ngc2403      7.00223      5.30242   0.00901524      2.00000
ngc2403      7.93414      5.90560    0.0112848      2.00000
ngc2403      7.27544      4.93935   0.00891020      2.00000
ngc2403      6.80859      3.53279   0.00544726      2.00000
ngc2403      7.46288      2.82440   0.00426160      2.00000
ngc2403      7.47346      2.02799   0.00374096      2.00000
ngc2403      7.75669      2.24793   0.00337228      2.00000
ngc2403      8.29595      2.30242   0.00315096      2.00000
ngc2403      8.47417      1.76682   0.00301476      2.00000
ngc2403      9.09174      1.79594   0.00287163      2.00000
ngc2403      9.89930      1.89468   0.00403338      2.00000
ngc2403      9.62298      1.85039   0.00489112      2.00000
ngc2403      9.03074      1.42870   0.00312104      2.00000
ngc2403      9.86577      1.21056   0.00195098      2.00000
ngc2403      9.46485      1.13252   0.00156217      2.00000
ngc2403      9.27497      1.17786   0.00123191      1.00000
ngc2403      8.89671      1.21781   0.00121419      1.00000
ngc2798     0.587976      30.6545         -NaN      2.00000
ngc2798     0.430862      5.93595   0.00265471      2.00000
ngc2798     0.269478      1.36080  0.000479864      1.00000
ngc2798     0.344213      4.98067   0.00243396      2.00000
ngc2798     0.274780      5.70605   0.00117240      2.00000
ngc2798     0.169340     0.526668  0.000217284      1.00000
ngc2798     0.209247      1.52484   0.00123091      2.00000
ngc2841     0.653414      2.55977   0.00100701      1.00000
ngc2841      1.21134      3.60037   0.00165902      1.00000
ngc2841      1.78366      5.09749   0.00206823      2.00000
ngc2841      2.22581      5.14286   0.00200717      2.00000
ngc2841      2.55121      4.16116   0.00182082      2.00000
ngc2841      2.55799      3.19691   0.00146524      2.00000
ngc2841      2.71997      2.39923   0.00118135      2.00000
ngc2841      2.85454      1.56618  0.000945211      2.00000
ngc2841      2.97510      1.44849  0.000723219      1.00000
ngc2841      2.81348     0.763148  0.000559514      1.00000
ngc2903      4.00624      175.702     0.212834      2.00000
ngc2903      4.50087      59.5677    0.0369291      2.00000
ngc2903      5.19082      47.3075    0.0177504      2.00000
ngc2903      6.63221      53.5415    0.0150302      2.00000
ngc2903      6.75398      36.5426    0.0151292      2.00000
ngc2903      6.84843      27.4190    0.0155692      2.00000
ngc2903      7.14111      17.8008    0.0117538      2.00000
ngc2903      6.65956      11.5025   0.00699718      2.00000
ngc2903      6.69634      5.68376   0.00380063      2.00000
ngc2903      5.79312      2.76584   0.00253976      2.00000
ngc2903      4.23420      1.47486   0.00126325      2.00000
ngc2903      2.59830     0.440877  0.000448978      1.00000
ngc2976      6.21878      7.75257    0.0116117      2.00000
ngc2976      6.86588      5.88828   0.00663022      2.00000
ngc2976      7.15107      4.57581   0.00535621      2.00000
ngc2976      7.83674      4.97132   0.00624609      2.00000
ngc2976      8.85881      6.61634    0.0107404      2.00000
ngc2976      9.87968      7.39293    0.0121161      2.00000
ngc2976      7.87943      5.39839   0.00507414      2.00000
ngc2976      5.45958      2.80368   0.00218137      2.00000
ngc3049      5.60307      10.6326    0.0329938      2.00000
ngc3049      5.36291      2.97179   0.00548939      1.00000
ngc3077      17.5524      33.5518    0.0672979      2.00000
ngc3077      11.7008      7.07656    0.0171914      2.00000
ngc3077      8.37300      1.77928   0.00414669      1.00000
ngc3077      6.74943      1.41881   0.00180080      1.00000
ngc3184      3.49260      34.5811    0.0214605      2.00000
ngc3184      3.48742      16.6569   0.00575846      2.00000
ngc3184      3.89747      10.9710   0.00470470      2.00000
ngc3184      4.93431      11.1058   0.00457161      2.00000
ngc3184      5.77744      11.3298   0.00479395      2.00000
ngc3184      6.73695      9.78040   0.00506104      2.00000
ngc3184      7.46446      7.90591   0.00393457      2.00000
ngc3184      8.05288      8.15064   0.00383502      2.00000
ngc3184      7.89512      4.75675   0.00263094      2.00000
ngc3184      7.20557      2.87728   0.00158505      2.00000
ngc3184      6.79751      1.80199   0.00103752      2.00000
ngc3184      6.61430      1.80448  0.000776768      2.00000
ngc3198      3.57109      14.1960    0.0235436      2.00000
ngc3198      3.45433      5.45761   0.00462691      2.00000
ngc3198      4.33970      3.20564   0.00218062      2.00000
ngc3198      5.60329      4.08805   0.00263993      2.00000
ngc3198      6.13831      4.34171   0.00286843      2.00000
ngc3198      6.35873      2.82107   0.00214222      2.00000
ngc3198      6.48707      1.32679   0.00138138      2.00000
ngc3198      6.59158     0.899688   0.00105568      2.00000
ngc3198      6.60464     0.737410  0.000816037      2.00000
ngc3351      1.48246      171.489     0.245524      2.00000
ngc3351     0.860964      33.0423    0.0335836      2.00000
ngc3351     0.777872      11.1142   0.00440624      2.00000
ngc3351      1.57919      8.33643   0.00333377      2.00000
ngc3351      2.46665      9.09067   0.00407095      2.00000
ngc3351      2.71351      6.98452   0.00295055      2.00000
ngc3351      3.16816      4.20068   0.00199909      2.00000
ngc3351      3.01855      3.26458   0.00154842      2.00000
ngc3351      2.86190      2.68982   0.00110842      2.00000
ngc3351      2.89391      2.17741  0.000934264      2.00000
ngc3351      2.96135      1.42560  0.000641710      2.00000
ngc3351      2.98765     0.787395  0.000428140      1.00000
ngc3351      3.19360     0.499141  0.000255790      1.00000
ngc3521      4.28776      28.0140    0.0161709      2.00000
ngc3521      5.07099      43.7717    0.0184871      2.00000
ngc3521      7.48558      46.3455    0.0189081      2.00000
ngc3521      8.60664      38.0009    0.0167623      2.00000
ngc3521      8.52773      27.7956    0.0131298      2.00000
ngc3521      9.41473      19.2824   0.00954979      2.00000
ngc3521      10.7330      18.8239   0.00819130      2.00000
ngc3521      10.2277      12.0781   0.00551533      2.00000
ngc3521      10.0199      6.40105   0.00322145      2.00000
ngc3521      8.63867      3.02256   0.00170953      2.00000
ngc3521      8.22273      2.15079   0.00125682      2.00000
ngc3521      8.60347      2.00152   0.00120086      2.00000
ngc3521      8.40033      1.77805  0.000950550      2.00000
ngc3521      7.89848      1.16069  0.000631333      1.00000
ngc3521      7.97704     0.935857  0.000544275      1.00000
ngc3521      8.51043     0.603001  0.000434249      1.00000
ngc3627      3.16937      112.723    0.0591181      2.00000
ngc3627      3.85136      47.7281    0.0176559      2.00000
ngc3627      4.87616      31.6105    0.0207232      2.00000
ngc3627      6.04150      42.1315    0.0426583      2.00000
ngc3627      7.78903      42.9566    0.0430266      2.00000
ngc3627      7.34857      26.1911    0.0211364      2.00000
ngc3627      5.97223      14.0200    0.0112380      2.00000
ngc3627      5.52199      9.53049   0.00698391      2.00000
ngc3627      4.15879      7.34003   0.00320374      2.00000
ngc3627      3.34733      6.42506   0.00261348      2.00000
ngc3627      2.68644      4.79453   0.00255053      2.00000
ngc3627      1.85036      2.64073   0.00135926      2.00000
ngc3938      2.90593      39.3636    0.0155481      2.00000
ngc3938      4.22999      25.5952    0.0125395      2.00000
ngc3938      6.29179      18.4357    0.0111783      2.00000
ngc3938      7.97118      13.7945   0.00808366      2.00000
ngc3938      8.43224      8.20847   0.00486946      2.00000
ngc3938      8.51852      3.97872   0.00309446      2.00000
ngc3938      8.37272      1.93038   0.00199242      2.00000
ngc3938      8.22382     0.933442   0.00165468      1.00000
ngc4214      17.9858      7.67614     0.130751      2.00000
ngc4214      14.0088      2.45569    0.0410531      1.00000
ngc4214      11.5294      1.83236    0.0185075      1.00000
ngc4214      11.7802      2.13360    0.0148552      2.00000
ngc4214      11.7239      2.19885   0.00853199      2.00000
ngc4254      7.99411      166.255    0.0727747      2.00000
ngc4254      9.23276      114.614    0.0455543      2.00000
ngc4254      11.6904      76.8077    0.0313999      2.00000
ngc4254      12.6057      47.6025    0.0211981      2.00000
ngc4254      13.0168      30.0926    0.0145232      2.00000
ngc4254      12.6041      19.5171   0.00918366      2.00000
ngc4254      12.0276      10.1778   0.00558727      2.00000
ngc4254      11.0201      6.57264   0.00463314      2.00000
ngc4254      9.45270      4.46179   0.00283964      2.00000
ngc4254      7.83990      2.53862   0.00144280      2.00000
ngc4254      5.40350      1.35252  0.000685182      2.00000
ngc4254      4.22504      1.04401  0.000409459      1.00000
ngc4254      2.96138     0.790380  0.000206332      1.00000
ngc4321      7.56918      303.632     0.134651      2.00000
ngc4321      5.07020      84.5549    0.0239302      2.00000
ngc4321      4.51887      32.3999   0.00813713      2.00000
ngc4321      5.38075      30.9987    0.0103157      2.00000
ngc4321      6.86331      28.1340    0.0114105      2.00000
ngc4321      6.80340      18.5192   0.00813415      2.00000
ngc4321      6.88524      12.3850   0.00557559      2.00000
ngc4321      7.26649      9.75217   0.00438217      2.00000
ngc4321      7.15829      7.72490   0.00342484      2.00000
ngc4321      6.48146      5.34758   0.00224937      2.00000
ngc4321      5.26309      3.71331   0.00166993      2.00000
ngc4321      3.87123      2.03687  0.000861681      2.00000
ngc4321      2.54101      1.03635  0.000439919      1.00000
ngc4536    -0.431384      199.002     0.330159      2.00000
ngc4536      8.35252      39.3890    0.0446662      2.00000
ngc4536      9.54138      7.69617   0.00560591      2.00000
ngc4536      9.36439      5.01225   0.00372133      2.00000
ngc4536      8.95283      5.04274   0.00286124      2.00000
ngc4536      9.41582      2.87811   0.00264437      2.00000
ngc4536      8.40222      1.70260   0.00112836      1.00000
ngc4536      8.20471      1.03758  0.000920387      1.00000
ngc4559      8.81172      4.07304   0.00706175      1.00000
ngc4559      9.27056      3.42854   0.00487909      1.00000
ngc4559      11.4438      2.23443   0.00442940      1.00000
ngc4559      11.8817      1.60169   0.00447824      1.00000
ngc4569      6.76460      202.156    0.0719649      2.00000
ngc4569      5.66706      55.9566    0.0110319      2.00000
ngc4569      5.13856      31.5515   0.00704655      2.00000
ngc4569      4.38118      25.4025   0.00683168      2.00000
ngc4569      2.60274      15.0858   0.00431961      2.00000
ngc4569      1.12946      5.22736   0.00161420      2.00000
ngc4579     0.988511      97.2291    0.0295676      2.00000
ngc4579      1.28393      19.4649   0.00435262      2.00000
ngc4579      1.84423      12.8215   0.00351163      2.00000
ngc4579      2.65225      13.5042   0.00415789      2.00000
ngc4579      3.29165      13.1888   0.00358882      2.00000
ngc4579      3.07935      7.97693   0.00228910      2.00000
ngc4579      2.40888      3.85684   0.00118517      2.00000
ngc4579      1.57424      1.33389  0.000475968      1.00000
ngc4625      5.40446      5.41467    0.0105034      1.00000
ngc4625      5.55011      2.76162   0.00537150      2.00000
ngc4625      4.47470      1.23380   0.00201635      1.00000
ngc4725      2.54976      26.7395   0.00627097      2.00000
ngc4725      2.16494      13.4310   0.00169185      2.00000
ngc4725     0.918607      3.87484  0.000820838      1.00000
ngc4725      1.06725     0.990441  0.000598582      1.00000
ngc4725      1.45487      1.67407  0.000952258      1.00000
ngc4725      3.07857      4.56137   0.00198528      2.00000
ngc4725      4.81278      4.79003   0.00274094      2.00000
ngc4725      5.22794      2.88243   0.00219196      2.00000
ngc4725      5.11925      1.84171   0.00149377      2.00000
ngc4725      4.53185      1.53507   0.00106904      1.00000
ngc4736      3.63284      172.379     0.156887      2.00000
ngc4736      5.84010      79.1626    0.0497637      2.00000
ngc4736      11.3164      58.9999    0.0645897      2.00000
ngc4736      11.8486      42.4866    0.0516642      2.00000
ngc4736      7.50096      17.8794    0.0117472      2.00000
ngc4736      5.76457      9.73234   0.00416318      2.00000
ngc4736      4.79287      6.35059   0.00266075      2.00000
ngc4736      4.17220      4.54106   0.00221131      2.00000
ngc4736      3.60054      3.58100   0.00184938      2.00000
ngc4736      3.43290      2.70531   0.00139288      2.00000
ngc4736      2.73227      2.39111  0.000931987      2.00000
ngc4736      2.32639      1.78596  0.000680435      2.00000
ngc4736      1.63904     0.958974  0.000435173      1.00000
ngc4736      2.61322     0.987017  0.000230750      1.00000
ngc4736      2.81379      1.51080  0.000240001      2.00000
ngc4736      2.24877      1.62963  0.000232601      2.00000
ngc5055      5.65970      146.974    0.0374699      2.00000
ngc5055      5.97659      71.2474    0.0268221      2.00000
ngc5055      5.85133      46.7336    0.0188389      2.00000
ngc5055      6.47826      39.8093    0.0149579      2.00000
ngc5055      6.26537      27.9099   0.00998411      2.00000
ngc5055      6.27419      20.4962   0.00748079      2.00000
ngc5055      7.41094      20.6256   0.00704658      2.00000
ngc5055      8.55040      20.4753   0.00749799      2.00000
ngc5055      8.48675      14.3192   0.00607797      2.00000
ngc5055      8.49882      11.8549   0.00482828      2.00000
ngc5055      8.52719      11.5369   0.00450219      2.00000
ngc5055      7.97788      8.50995   0.00336144      2.00000
ngc5055      7.41117      6.03488   0.00216430      2.00000
ngc5055      7.17383      4.00329   0.00192682      2.00000
ngc5055      7.24550      3.11587   0.00121668      2.00000
ngc5055      7.35650      2.47449  0.000944322      2.00000
ngc5055      6.62740      2.51675  0.000643865      2.00000
ngc5055      6.34794      1.38060  0.000503977      1.00000
ngc5055      5.93096      1.64891  0.000431222      1.00000
ngc5055      5.05227      1.43331  0.000312032      1.00000
ngc5055      4.92150      1.32558  0.000279125      1.00000
ngc5194      4.25677      257.187     0.117095      2.00000
ngc5194      6.46505      246.801    0.0964934      2.00000
ngc5194      6.34930      156.046    0.0459255      2.00000
ngc5194      6.55630      97.1003    0.0240856      2.00000
ngc5194      7.44123      74.4708    0.0256225      2.00000
ngc5194      6.50168      46.2878    0.0169708      2.00000
ngc5194      6.72265      33.0067    0.0129161      2.00000
ngc5194      8.61423      36.0793    0.0157070      2.00000
ngc5194      11.3354      38.7788    0.0194150      2.00000
ngc5194      12.0828      29.9717    0.0155820      2.00000
ngc5194      10.7242      16.6995    0.0114004      2.00000
ngc5194      9.13997      9.90472   0.00623345      2.00000
ngc5194      7.97161      6.82711   0.00361581      2.00000
ngc5194      7.53954      4.94979   0.00242345      2.00000
ngc5194      6.57865      3.32242   0.00177610      2.00000
ngc5194      5.96356      2.94349   0.00158693      2.00000
ngc5194      4.87405      3.11682   0.00150468      2.00000
ngc5194      4.25391      2.50409   0.00486887      2.00000
ngc5194      3.51072      1.17259   0.00301132      1.00000
ngc5457     0.801488      96.6828    0.0337821      2.00000
ngc5457     0.715599      30.1237   0.00898513      2.00000
ngc5457      1.25305      21.4808   0.00731166      2.00000
ngc5457      2.37194      22.9731   0.00838140      2.00000
ngc5457      3.11921      20.8086   0.00864689      2.00000
ngc5457      3.24140      17.7866   0.00761813      2.00000
ngc5457      3.87733      16.8571   0.00679577      2.00000
ngc5457      5.17458      16.0792   0.00780750      2.00000
ngc5457      5.28749      13.4817   0.00653943      2.00000
ngc5457      5.40387      12.4818   0.00673628      2.00000
ngc5457      5.84306      11.0381   0.00625051      2.00000
ngc5457      5.40897      8.58359   0.00548437      2.00000
ngc5457      6.12545      7.73657   0.00618481      2.00000
ngc5457      7.53376      7.49527   0.00559344      2.00000
ngc5457      8.01220      7.36138   0.00420359      2.00000
ngc5457      8.05835      6.44371   0.00413036      2.00000
ngc5457      8.07681      4.68761   0.00391614      2.00000
ngc5457      7.55008      2.73168   0.00325114      2.00000
ngc5457      7.96091      2.35740   0.00508366      2.00000
ngc5457      7.62865      2.63516   0.00739702      2.00000
ngc5457      7.74868      1.47998   0.00223140      1.00000
ngc5457      7.31739      1.05629   0.00163293      1.00000
ngc5713      14.6980      150.892     0.164370      2.00000
ngc5713      16.3498      69.4531    0.0567363      2.00000
ngc5713      14.3816      28.6477    0.0163458      2.00000
ngc5713      8.90008      9.97902   0.00372460      2.00000
ngc5713      4.93602      3.59337   0.00128820      1.00000
ngc6946      5.09137      864.846     0.727161      2.00000
ngc6946      7.07783      268.333    0.0918762      2.00000
ngc6946      6.50655      108.465    0.0363057      2.00000
ngc6946      5.84224      58.2058    0.0229165      2.00000
ngc6946      6.19172      48.2611    0.0243283      2.00000
ngc6946      6.68522      41.0560    0.0262631      2.00000
ngc6946      7.66323      39.2716    0.0237349      2.00000
ngc6946      8.08955      33.0230    0.0210254      2.00000
ngc6946      8.48194      28.9548    0.0199387      2.00000
ngc6946      8.60164      27.8068    0.0191074      2.00000
ngc6946      8.57343      23.1604    0.0198062      2.00000
ngc6946      9.05672      18.7852    0.0158655      2.00000
ngc6946      9.23930      14.2916    0.0117800      2.00000
ngc6946      9.46010      11.7278   0.00944843      2.00000
ngc6946      9.99191      9.72160   0.00873931      2.00000
ngc6946      9.70566      7.68447   0.00860043      2.00000
ngc6946      8.75523      5.77914   0.00932089      2.00000
ngc6946      7.75689      4.78313   0.00709893      2.00000
ngc6946      7.93059      3.63768   0.00395293      2.00000
ngc6946      7.28894      2.43421   0.00262474      2.00000
ngc6946      6.53197      1.69909   0.00225022      2.00000
ngc6946      5.80480      1.04901   0.00172217      1.00000
ngc6946      5.09060      1.17749   0.00144429      1.00000
ngc7331      3.57581      20.5447    0.0117956      2.00000
ngc7331      3.53980      25.4192    0.0128980      2.00000
ngc7331      4.82259      34.0389    0.0163818      2.00000
ngc7331      5.77668      32.7006    0.0152220      2.00000
ngc7331      6.48453      22.6473    0.0104292      2.00000
ngc7331      6.62552      15.2601   0.00627780      2.00000
ngc7331      7.60501      8.31616   0.00333916      2.00000
ngc7331      8.33681      6.25099   0.00268999      2.00000
ngc7331      8.03362      4.03437   0.00196493      2.00000
ngc7331      8.55713      3.13952   0.00146230      2.00000
ngc7331      8.32311      1.99649   0.00113797      2.00000
ngc7331      7.56899      1.39693  0.000803742      1.00000
ngc7331      6.98215     0.906348  0.000584670      1.00000
ngc7331      7.03354     0.869147  0.000591110      2.00000
ngc7331      7.00213     0.924674  0.000567141      2.00000
ngc7331      7.07436      1.01095  0.000524249      2.00000
ngc7331      6.66697     0.762797  0.000475865      2.00000
ngc7331      6.34699     0.572923  0.000403062      1.00000
ngc7331      5.74264     0.399965  0.000316574      1.00000
